4	0.000044	0.000040	0.000082	0.000032	0.000031	0.000033	0.000036	0.000032	0.000033	0.000032	0.000031	0.000031	0.000035	0.000042	0.000043	0.000035	0.000032	0.000034	0.000032	0.000036	0.000032	0.000037	0.000036	0.000036	0.000031	0.000029	0.000031	0.000039	0.000037	0.000035	
5	0.000050	0.000055	0.000114	0.000050	0.000043	0.000053	0.000055	0.000047	0.000053	0.000051	0.000046	0.000045	0.000043	0.000044	0.000049	0.000050	0.000049	0.000044	0.000047	0.000043	0.000045	0.000046	0.000044	0.000046	0.000051	0.000043	0.000048	0.000059	0.000045	0.000046	
6	0.000077	0.000076	0.000087	0.000099	0.000075	0.000078	0.000079	0.000078	0.000077	0.000082	0.000079	0.000110	0.000077	0.000074	0.000084	0.000082	0.000080	0.000081	0.000088	0.000083	0.000075	0.000074	0.000079	0.000077	0.000087	0.000076	0.000088	0.000076	0.000079	0.000092	
7	0.000128	0.000142	0.000140	0.000137	0.000141	0.000126	0.000136	0.000139	0.000138	0.000131	0.000146	0.000129	0.000132	0.000146	0.000146	0.000138	0.000132	0.000127	0.000145	0.000129	0.000132	0.000142	0.000147	0.000143	0.000138	0.000181	0.000141	0.000133	0.000159	0.000139	
8	0.000229	0.000234	0.000230	0.000238	0.000253	0.000243	0.000244	0.000252	0.000224	0.000241	0.000256	0.000252	0.000232	0.000238	0.000227	0.000231	0.000242	0.000234	0.000244	0.000244	0.000227	0.000229	0.000224	0.000245	0.000237	0.000246	0.000234	0.000238	0.000227	0.000233	
9	0.000333	0.000310	0.000334	0.000323	0.000378	0.000311	0.000357	0.000310	0.000308	0.000306	0.000321	0.000312	0.000318	0.000310	0.000313	0.000354	0.000322	0.000320	0.000307	0.000313	0.000358	0.000310	0.000387	0.000308	0.000309	0.000314	0.000315	0.000324	0.000314	0.000313	
10	0.000363	0.000359	0.000361	0.000376	0.000376	0.000388	0.000364	0.000401	0.000405	0.000387	0.000376	0.000362	0.000376	0.000379	0.000382	0.000373	0.000363	0.000363	0.000369	0.000375	0.000366	0.000389	0.000368	0.000358	0.000365	0.000394	0.000386	0.000392	0.000371	0.000363	
11	0.000407	0.000418	0.000405	0.000403	0.000404	0.000407	0.000408	0.000408	0.000407	0.000482	0.000402	0.000482	0.000420	0.000415	0.000406	0.000411	0.000403	0.000436	0.000407	0.000438	0.000469	0.000407	0.000403	0.000427	0.000400	0.000409	0.000407	0.000403	0.000406	0.000411	
12	0.000544	0.000556	0.000562	0.000555	0.000556	0.000534	0.000589	0.000839	0.000537	0.000534	0.000539	0.000539	0.000534	0.000585	0.000554	0.000542	0.000561	0.000540	0.000547	0.000569	0.000541	0.000536	0.000553	0.000647	0.000556	0.000538	0.000539	0.000576	0.000533	0.000828	
13	0.000555	0.000595	0.000570	0.000566	0.000557	0.000556	0.000551	0.000562	0.000563	0.000602	0.000573	0.000569	0.000599	0.000566	0.000565	0.000618	0.000591	0.000549	0.000590	0.000576	0.000562	0.000556	0.000555	0.000573	0.000577	0.000575	0.000555	0.000617	0.000551	0.000577	
14	0.000766	0.000811	0.000786	0.000830	0.000756	0.000768	0.000765	0.000806	0.000764	0.000769	0.000773	0.000767	0.000843	0.000782	0.000765	0.000779	0.000774	0.000775	0.000824	0.000822	0.000761	0.000763	0.000761	0.000843	0.000857	0.000767	0.000773	0.001055	0.000933	0.000818	
15	0.001042	0.001080	0.001041	0.001072	0.001041	0.001046	0.001043	0.001044	0.001052	0.001096	0.001038	0.001107	0.001154	0.001135	0.001045	0.001084	0.001041	0.001047	0.001043	0.001043	0.001041	0.001040	0.001041	0.001042	0.001037	0.001042	0.001075	0.001050	0.001050	0.001044	
16	0.001115	0.001077	0.001103	0.001068	0.001068	0.001077	0.001082	0.001114	0.001072	0.001114	0.001074	0.001072	0.001115	0.001081	0.001099	0.001075	0.001171	0.001081	0.001109	0.001136	0.001134	0.001260	0.001083	0.001080	0.001082	0.001083	0.001078	0.001076	0.001113	0.001073	
17	0.001216	0.001167	0.001228	0.001324	0.001223	0.001206	0.001164	0.001167	0.001756	0.001214	0.001205	0.001161	0.001162	0.001161	0.001169	0.001163	0.001164	0.001221	0.001235	0.001163	0.001176	0.001201	0.001169	0.001158	0.001191	0.001162	0.001212	0.001208	0.001162	0.001172	
18	0.001262	0.001366	0.001297	0.001367	0.001258	0.001255	0.001285	0.001295	0.001255	0.001320	0.001347	0.001253	0.001255	0.001260	0.001297	0.001304	0.001297	0.001305	0.001291	0.001253	0.001256	0.001335	0.001325	0.001264	0.001278	0.001276	0.001301	0.001305	0.001269	0.001268	
19	0.001489	0.001457	0.001506	0.001511	0.001467	0.001569	0.001456	0.001452	0.001521	0.001450	0.001464	0.001543	0.001452	0.001450	0.001538	0.001504	0.001455	0.001459	0.001510	0.001456	0.001646	0.001548	0.001492	0.001497	0.001486	0.001499	0.001522	0.001573	0.001606	0.001448	
20	0.001604	0.001599	0.001552	0.001596	0.001596	0.001663	0.001601	0.001554	0.001732	0.001545	0.001551	0.001614	0.001550	0.001690	0.001639	0.001550	0.001645	0.001550	0.001602	0.001644	0.001598	0.001723	0.001567	0.001715	0.001558	0.001547	0.001603	0.001555	0.001711	0.001602	
21	0.001692	0.001636	0.001688	0.001638	0.001764	0.001647	0.001739	0.001636	0.001634	0.001677	0.001692	0.001702	0.001637	0.001737	0.001642	0.001678	0.001694	0.001686	0.001643	0.001697	0.001634	0.001774	0.001693	0.001677	0.001640	0.001644	0.001687	0.001635	0.001685	0.001639	
22	0.001812	0.001795	0.001752	0.001850	0.001793	0.001805	0.001753	0.001792	0.002607	0.001793	0.001812	0.001794	0.001862	0.001799	0.001800	0.001745	0.001787	0.001792	0.001863	0.001790	0.001792	0.001746	0.001877	0.001745	0.001822	0.001855	0.001800	0.001793	0.001853	0.001749	
23	0.001931	0.001873	0.001931	0.001874	0.001949	0.001929	0.001876	0.001976	0.001910	0.001871	0.001905	0.001904	0.001869	0.002140	0.001900	0.001967	0.001912	0.001911	0.001973	0.001874	0.001925	0.001920	0.001937	0.001919	0.001933	0.001886	0.001928	0.001867	0.001988	0.001877	
24	0.002115	0.002064	0.001964	0.002099	0.002000	0.002323	0.001957	0.001943	0.001995	0.001959	0.002009	0.002074	0.002000	0.001962	0.002000	0.001945	0.001999	0.001996	0.001953	0.002004	0.001994	0.001953	0.001950	0.002002	0.002059	0.002003	0.001997	0.002066	0.001949	0.001994	
25	0.002100	0.002168	0.002150	0.002196	0.002155	0.002156	0.002149	0.002202	0.002096	0.002096	0.002234	0.002242	0.002209	0.002104	0.002157	0.002174	0.002101	0.002102	0.002157	0.002148	0.002200	0.002116	0.002183	0.002155	0.002138	0.002112	0.002102	0.002113	0.002202	0.002176	
26	0.002250	0.002300	0.002223	0.002224	0.002225	0.002291	0.002260	0.002312	0.002266	0.002285	0.002219	0.002236	0.002351	0.002280	0.002355	0.002276	0.002286	0.002231	0.002222	0.002225	0.002268	0.002410	0.002330	0.002351	0.002222	0.002241	0.002285	0.002263	0.002283	0.002269	
27	0.002286	0.002280	0.002399	0.002320	0.002515	0.002414	0.002313	0.002269	0.002281	0.002339	0.002329	0.002321	0.002335	0.002325	0.002272	0.002273	0.002284	0.002383	0.002324	0.002327	0.002337	0.002340	0.002333	0.002400	0.002319	0.002334	0.002327	0.002541	0.002412	0.002405	
28	0.002420	0.002499	0.002421	0.002427	0.002430	0.002440	0.002422	0.002824	0.002484	0.002375	0.002386	0.002373	0.002375	0.002382	0.002381	0.002380	0.002399	0.002415	0.002375	0.002389	0.002440	0.002381	0.002392	0.002407	0.002382	0.002388	0.002431	0.002501	0.002494	0.002436	
29	0.002482	0.002470	0.002462	0.002486	0.002481	0.002556	0.002543	0.002483	0.002472	0.002466	0.002532	0.002491	0.002549	0.002537	0.002948	0.002478	0.002532	0.002538	0.002449	0.002461	0.002459	0.002468	0.002413	0.002412	0.002490	0.002418	0.002414	0.002422	0.002614	0.002500	
30	0.002848	0.002898	0.002997	0.002970	0.002901	0.002893	0.002874	0.002893	0.002892	0.002844	0.002909	0.002850	0.002886	0.002907	0.002976	0.002844	0.002982	0.002969	0.002996	0.002996	0.002897	0.002896	0.002894	0.002850	0.002896	0.002893	0.002855	0.002979	0.002908	0.002860	
31	0.002995	0.002943	0.002924	0.003042	0.002944	0.002938	0.003035	0.002973	0.002899	0.003031	0.003042	0.002914	0.003033	0.002960	0.003027	0.002973	0.002965	0.002999	0.002950	0.002957	0.002908	0.003052	0.003041	0.002901	0.002953	0.003038	0.002908	0.002949	0.003003	0.002954	
32	0.003021	0.003007	0.003000	0.002994	0.003017	0.002948	0.002994	0.003002	0.002956	0.003002	0.002994	0.002981	0.004014	0.002999	0.002957	0.003089	0.002980	0.003000	0.002992	0.003044	0.003007	0.003034	0.002987	0.003112	0.003010	0.003078	0.003025	0.003072	0.002943	0.003055	
33	0.003233	0.003187	0.003222	0.003241	0.003224	0.003224	0.003315	0.003240	0.003190	0.003582	0.003297	0.003227	0.003226	0.003179	0.003234	0.003264	0.003231	0.003232	0.003288	0.003314	0.003282	0.003181	0.003216	0.003211	0.003376	0.003326	0.003188	0.003237	0.003222	0.003242	
34	0.003229	0.003287	0.003271	0.003313	0.003301	0.003368	0.003343	0.003397	0.003354	0.003318	0.003611	0.003266	0.003232	0.003261	0.003261	0.003263	0.003367	0.003260	0.003386	0.003287	0.003326	0.003269	0.003537	0.003227	0.003280	0.003298	0.003273	0.003259	0.003354	0.003232	
35	0.003356	0.003335	0.003338	0.003341	0.003423	0.003376	0.003358	0.003342	0.003334	0.003341	0.003332	0.003329	0.003432	0.003343	0.003394	0.003440	0.003327	0.003352	0.003449	0.003708	0.003342	0.003454	0.003325	0.003346	0.003345	0.003339	0.003308	0.003345	0.003348	0.003328	
36	0.003578	0.003510	0.003538	0.003528	0.003509	0.003557	0.003612	0.003609	0.003529	0.003623	0.003473	0.003632	0.003506	0.003544	0.003499	0.003513	0.003613	0.003760	0.003529	0.003498	0.003523	0.003507	0.003513	0.003535	0.003479	0.003668	0.003626	0.003612	0.003528	0.004816	
37	0.003624	0.003617	0.003619	0.003709	0.003659	0.003571	0.003631	0.003734	0.003635	0.003729	0.003630	0.003612	0.003809	0.003631	0.003623	0.003589	0.003633	0.003683	0.003636	0.003627	0.003629	0.003590	0.003629	0.003762	0.003740	0.003631	0.003585	0.003624	0.003651	0.003645	
38	0.003782	0.003843	0.003762	0.003741	0.003921	0.003886	0.003756	0.003763	0.003748	0.003793	0.003842	0.003734	0.003805	0.003761	0.003744	0.003767	0.003707	0.003875	0.003752	0.003713	0.003864	0.003745	0.003737	0.003742	0.003933	0.003885	0.003740	0.003731	0.003762	0.003862	
39	0.003908	0.003896	0.004106	0.003909	0.003885	0.003906	0.003928	0.003971	0.003914	0.003893	0.003946	0.003930	0.004010	0.003953	0.003907	0.003903	0.003917	0.003911	0.003937	0.003925	0.003903	0.003923	0.003917	0.003904	0.003899	0.003985	0.004019	0.003895	0.004011	0.003906	
40	0.004618	0.004627	0.004757	0.004676	0.004649	0.004672	0.004671	0.004661	0.004634	0.004789	0.004777	0.004608	0.004795	0.004658	0.004789	0.004859	0.004763	0.004797	0.004614	0.004691	0.004656	0.004670	0.004671	0.004799	0.004820	0.004637	0.004641	0.004742	0.004785	0.005133	
41	0.004847	0.004946	0.004846	0.004991	0.004832	0.004995	0.004842	0.004928	0.004885	0.004834	0.004874	0.005030	0.004861	0.004824	0.004840	0.004953	0.004895	0.004953	0.005494	0.005370	0.004826	0.004841	0.004868	0.004835	0.004859	0.004835	0.004814	0.004877	0.004830	0.004862	
42	0.005057	0.005094	0.005063	0.005009	0.005014	0.005168	0.005148	0.005032	0.005022	0.005043	0.005051	0.005223	0.005039	0.005521	0.005030	0.005150	0.005032	0.005175	0.005069	0.005138	0.005000	0.005024	0.005030	0.005127	0.005037	0.005026	0.005027	0.005063	0.005044	0.005187	
43	0.005160	0.005290	0.005327	0.005140	0.005120	0.005270	0.005121	0.005149	0.005292	0.005147	0.005130	0.005133	0.005261	0.005308	0.005125	0.005128	0.005161	0.005137	0.005145	0.005126	0.005405	0.005271	0.005272	0.005127	0.005134	0.005148	0.005295	0.005237	0.005125	0.005135	
44	0.005217	0.005532	0.005218	0.005251	0.005221	0.005366	0.005234	0.005234	0.005222	0.005243	0.005227	0.005446	0.005251	0.005243	0.005364	0.005377	0.005189	0.005366	0.005234	0.005234	0.005234	0.005254	0.005381	0.005285	0.005313	0.005245	0.005249	0.005285	0.007232	0.005325	
45	0.005637	0.005566	0.005432	0.005460	0.005421	0.005646	0.005472	0.005503	0.005422	0.005414	0.005435	0.005458	0.005455	0.005488	0.005473	0.005464	0.005455	0.005586	0.005506	0.005428	0.005418	0.005454	0.005588	0.005672	0.005474	0.005463	0.005433	0.005457	0.005428	0.005463	
46	0.005730	0.005710	0.005833	0.005759	0.005693	0.005704	0.005922	0.005748	0.005693	0.005743	0.005717	0.005781	0.005741	0.005684	0.005696	0.005893	0.005817	0.005815	0.005725	0.005692	0.005766	0.005836	0.005737	0.005711	0.005750	0.005712	0.005745	0.005701	0.005696	0.005746	
47	0.006132	0.006250	0.006302	0.006142	0.006101	0.006117	0.006151	0.006137	0.006281	0.006119	0.006061	0.006162	0.006278	0.006139	0.006121	0.006089	0.006396	0.006093	0.006284	0.006135	0.006082	0.006123	0.006169	0.006250	0.006226	0.006280	0.006196	0.006082	0.006247	0.006298	
48	0.006587	0.006320	0.006507	0.006328	0.006344	0.006360	0.006538	0.006367	0.006339	0.006503	0.006392	0.006344	0.006543	0.006399	0.006389	0.006338	0.006325	0.006343	0.006561	0.006328	0.006554	0.006538	0.006568	0.006367	0.006368	0.006566	0.006338	0.006435	0.006380	0.006534	
49	0.006677	0.006583	0.006515	0.006506	0.006703	0.006552	0.006537	0.006736	0.006560	0.006548	0.006568	0.006837	0.006541	0.006716	0.006517	0.006767	0.006709	0.006718	0.006554	0.006542	0.006566	0.006556	0.006788	0.006749	0.006566	0.006540	0.006755	0.006555	0.006556	0.006736	
50	0.007181	0.006628	0.006608	0.006832	0.006664	0.006865	0.006635	0.006615	0.006667	0.006725	0.006812	0.006614	0.006843	0.006684	0.006663	0.006665	0.006722	0.006699	0.006687	0.006681	0.006608	0.006813	0.009345	0.006743	0.006616	0.006624	0.006656	0.006715	0.006845	0.006950	
51	0.007135	0.007317	0.007316	0.007124	0.007144	0.007113	0.007356	0.007331	0.007143	0.007103	0.007243	0.007145	0.007357	0.007140	0.007331	0.007128	0.007140	0.007288	0.009542	0.007145	0.007120	0.007139	0.007081	0.007311	0.007135	0.007331	0.007108	0.007169	0.007068	0.007152	
52	0.007217	0.007438	0.007230	0.007185	0.007155	0.007207	0.007196	0.007188	0.007221	0.007235	0.007199	0.007179	0.007199	0.007155	0.007206	0.007187	0.007315	0.007198	0.007467	0.007214	0.007309	0.007200	0.007231	0.007253	0.007197	0.007401	0.007229	0.007439	0.007439	0.007175	
53	0.007537	0.007272	0.007348	0.007303	0.007377	0.007501	0.007336	0.007311	0.007311	0.007285	0.007342	0.007334	0.007341	0.007372	0.007516	0.007333	0.007453	0.007597	0.007318	0.007302	0.007523	0.007318	0.007338	0.007490	0.007298	0.007398	0.007851	0.007304	0.007325	0.007263	
54	0.008143	0.008158	0.008252	0.008195	0.008644	0.008160	0.008227	0.008193	0.008186	0.008504	0.008176	0.008378	0.008161	0.008207	0.008187	0.008169	0.008224	0.008181	0.008164	0.008181	0.008183	0.008427	0.008184	0.008157	0.008222	0.008393	0.008205	0.008454	0.008156	0.008388	
55	0.008470	0.008669	0.008388	0.008392	0.008418	0.008606	0.008428	0.008444	0.010506	0.008426	0.008402	0.008398	0.008365	0.008398	0.008462	0.008596	0.008439	0.008643	0.008392	0.008500	0.008417	0.008440	0.008411	0.008731	0.008399	0.008382	0.008619	0.008409	0.008429	0.008397	
56	0.008666	0.008636	0.008636	0.008627	0.008728	0.008618	0.008735	0.008653	0.009318	0.008636	0.008625	0.009861	0.008643	0.008880	0.008611	0.008624	0.008633	0.008671	0.008658	0.008660	0.008987	0.008729	0.008869	0.008622	0.008685	0.008604	0.008624	0.008621	0.008626	0.008579	
57	0.009217	0.008827	0.009167	0.009274	0.009235	0.008840	0.010074	0.009075	0.008820	0.008877	0.008826	0.009113	0.008845	0.008895	0.008851	0.008864	0.009096	0.008878	0.008948	0.008835	0.008837	0.008885	0.008819	0.010783	0.008893	0.009068	0.008921	0.008912	0.008831	0.009143	
58	0.009295	0.009555	0.009297	0.009617	0.009567	0.009600	0.009316	0.009317	0.009275	0.009536	0.009423	0.009560	0.009322	0.009369	0.009337	0.009716	0.009338	0.009309	0.009590	0.009567	0.009291	0.009274	0.009342	0.009324	0.009348	0.009608	0.009305	0.009543	0.009272	0.009371	
59	0.010124	0.009829	0.009799	0.009787	0.009785	0.009989	0.010038	0.009852	0.009850	0.009773	0.009853	0.009747	0.010064	0.009763	0.009828	0.010080	0.009787	0.009788	0.010108	0.009820	0.010038	0.009869	0.010145	0.009771	0.009885	0.009798	0.010093	0.010067	0.010060	0.009855	
60	0.010011	0.010325	0.010025	0.010254	0.010497	0.010210	0.009977	0.009986	0.010022	0.010246	0.010373	0.009988	0.009958	0.010076	0.010019	0.009963	0.010260	0.009992	0.009989	0.009971	0.009989	0.009954	0.010222	0.009988	0.009971	0.010078	0.010014	0.009976	0.010099	0.009997	
61	0.010323	0.010410	0.010303	0.010618	0.010629	0.010392	0.010349	0.010310	0.010274	0.010621	0.010405	0.010622	0.011393	0.010635	0.010594	0.010344	0.010355	0.010313	0.010353	0.010657	0.010312	0.010310	0.010300	0.010351	0.010277	0.010273	0.010336	0.010267	0.010261	0.010393	
62	0.010807	0.011094	0.010864	0.011619	0.010822	0.010846	0.010816	0.010803	0.010816	0.010860	0.010792	0.010769	0.010815	0.010927	0.010765	0.010795	0.010896	0.011580	0.010775	0.010837	0.010863	0.010800	0.011351	0.010820	0.010795	0.011147	0.010815	0.011116	0.010801	0.010836	
63	0.010899	0.011015	0.010993	0.011216	0.010954	0.010952	0.011307	0.010931	0.011280	0.011212	0.010907	0.010936	0.011267	0.010950	0.011834	0.010938	0.010893	0.010950	0.010937	0.010920	0.010903	0.011011	0.010935	0.010908	0.010977	0.011033	0.010983	0.010890	0.011226	0.011253	
64	0.011389	0.011374	0.011354	0.012270	0.011771	0.011392	0.011443	0.011449	0.011687	0.011376	0.011423	0.011296	0.011475	0.011433	0.011939	0.011349	0.011391	0.011413	0.011372	0.011382	0.011404	0.011404	0.012556	0.011355	0.011467	0.011483	0.011475	0.011370	0.011437	0.011385	
