4	0.000079	0.000078	0.000053	0.000055	0.000068	0.000068	0.000055	0.000050	0.000075	0.000050	0.000051	0.000052	0.000057	0.000083	0.000050	0.000065	0.000056	0.000057	0.000051	0.000069	0.000053	0.000053	0.000054	0.000053	0.000089	0.000053	0.000051	0.000051	0.000067	0.000089	
5	0.000115	0.000116	0.000120	0.000162	0.000177	0.000123	0.000173	0.000114	0.000139	0.000119	0.000113	0.000114	0.000187	0.000122	0.000119	0.000152	0.000119	0.000115	0.000117	0.000126	0.000118	0.000117	0.000145	0.000153	0.000119	0.000118	0.000112	0.000120	0.000114	0.000120	
6	0.000305	0.000410	0.000273	0.000275	0.000296	0.000275	0.000277	0.000274	0.000401	0.000281	0.000298	0.000367	0.000277	0.000317	0.000389	0.000293	0.000398	0.000281	0.000333	0.000362	0.000278	0.000301	0.000276	0.000394	0.000329	0.000379	0.000292	0.000295	0.000286	0.000358	
7	0.000738	0.000706	0.000729	0.000714	0.000712	0.000796	0.000772	0.000845	0.000908	0.000737	0.000708	0.000683	0.000825	0.000774	0.000743	0.000730	0.000713	0.000706	0.000898	0.000675	0.000684	0.000693	0.000677	0.000687	0.000681	0.000676	0.000743	0.000840	0.000681	0.000730	
8	0.002334	0.002104	0.001750	0.002445	0.001730	0.001681	0.001773	0.001808	0.001962	0.001772	0.001700	0.002209	0.001705	0.002009	0.001687	0.001894	0.001871	0.001902	0.001776	0.001665	0.001716	0.001821	0.001769	0.001691	0.001749	0.001678	0.001855	0.002362	0.001667	0.001690	
9	0.004138	0.004155	0.004227	0.004564	0.004349	0.003999	0.003856	0.003861	0.004545	0.003805	0.004139	0.003796	0.004197	0.004032	0.004254	0.004103	0.003869	0.003828	0.004725	0.004013	0.004194	0.003799	0.004340	0.004953	0.003902	0.003879	0.003884	0.004080	0.003908	0.004531	
10	0.009201	0.009017	0.009384	0.010673	0.009030	0.009090	0.009514	0.010457	0.009324	0.009617	0.010633	0.009915	0.012457	0.010031	0.010316	0.009131	0.009010	0.009547	0.010692	0.009037	0.008936	0.009325	0.010044	0.009049	0.009250	0.010153	0.010215	0.008873	0.009451	0.009133	
11	0.023150	0.022642	0.022842	0.022677	0.021764	0.022762	0.022555	0.022101	0.023595	0.022018	0.023200	0.023164	0.022690	0.022309	0.022709	0.023520	0.022380	0.022307	0.024170	0.022650	0.022248	0.022759	0.026520	0.023219	0.022549	0.023127	0.022419	0.022454	0.022620	0.022020	
12	0.051782	0.053006	0.057742	0.051670	0.053925	0.053994	0.053300	0.054383	0.051628	0.058135	0.051568	0.053234	0.053148	0.053186	0.054282	0.051841	0.054652	0.052521	0.052289	0.051666	0.051815	0.053293	0.052662	0.051842	0.053837	0.052873	0.054238	0.052995	0.052499	0.052008	
13	0.123533	0.121584	0.124059	0.120349	0.123519	0.124179	0.119726	0.127065	0.122596	0.125141	0.122252	0.123460	0.124836	0.122225	0.130157	0.121401	0.119458	0.125576	0.121358	0.124547	0.121590	0.121337	0.122226	0.122131	0.122313	0.122507	0.122494	0.133462	0.129499	0.122932	
14	0.193888	0.197614	0.203960	0.192765	0.197431	0.200979	0.196413	0.196722	0.204266	0.193794	0.199558	0.194795	0.194065	0.189867	0.194609	0.193810	0.195291	0.198119	0.192155	0.194359	0.193836	0.208990	0.211218	0.192736	0.198871	0.192128	0.195767	0.195007	0.194311	0.200845	
15	0.328232	0.353036	0.350863	0.329196	0.335803	0.325952	0.336160	0.332331	0.338676	0.332357	0.324066	0.328847	0.333992	0.335319	0.332964	0.337645	0.349858	0.343111	0.331391	0.329072	0.331891	0.331438	0.340934	0.334755	0.352575	0.328345	0.335989	0.332379	0.350448	0.326440	
16	0.597369	0.589458	0.586566	0.588301	0.618749	0.592804	0.585818	0.584706	0.594229	0.596315	0.571082	0.578891	0.590284	0.622527	0.594741	0.587086	0.585015	0.587233	0.595689	0.583834	0.585416	0.590470	0.596145	0.586642	0.628658	0.590572	0.588734	0.588162	0.612287	0.593439	
17	1.938637	1.951027	1.932380	1.928542	1.931257	1.940703	1.954554	1.981551	1.921171	1.931391	1.962456	1.916778	1.935890	2.056548	1.955203	1.930308	1.935942	1.932596	2.042653	1.940781	1.949848	1.938333	2.037989	1.953736	1.945260	2.038512	2.022820	1.946033	1.936776	1.953039	
18	3.397743	3.422218	3.367282	3.425580	3.369116	3.376732	3.451463	3.415531	3.404351	3.495349	3.884717	3.355880	3.429942	3.328102	3.281980	3.278021	3.487151	3.495204	3.297170	3.578159	3.496853	3.427543	3.433563	3.457048	3.326635	3.324481	3.288592	3.296054	3.741211	3.393860	
19	3.567922	3.328420	3.298234	3.259706	3.316883	3.402709	3.656383	3.383235	3.328394	3.352242	3.315142	3.325777	3.327698	3.301243	3.357196	3.375352	3.477880	3.652801	3.451460	3.607835	3.425619	3.571592	3.417177	3.568967	3.458878	3.492362	3.510679	3.348784	3.472716	3.439068	
20	7.055358	6.758436	7.405063	7.306577	6.887939	7.381752	7.233840	6.835311	6.806252	6.625794	6.623746	6.623597	6.518831	6.822068	6.978270	6.541470	6.573982	6.609131	7.020696	6.731213	6.437137	6.416317	6.378177	6.408418	6.464430	6.443375	6.360832	6.469258	6.314145	6.507057	
21	10.866907	10.767894	10.866228	11.085632	10.869609	10.900614	11.042808	10.761137	10.834051	11.287596	10.826378	10.745028	10.688557	10.833979	10.940123	10.794868	10.770781	10.790466	10.787947	10.812922	11.028046	11.603672	10.995664	10.735001	10.739191	10.815986	10.650629	11.593244	10.715520	11.001647	
22	11.270493	11.951039	11.150640	11.217289	11.125655	11.208974	11.166677	11.250293	11.500532	11.689621	12.074333	11.294224	11.290983	11.263059	11.215688	11.298725	11.386883	11.406721	11.382718	11.178425	11.174335	11.210001	11.650654	10.999073	11.241949	11.207298	11.168893	11.116802	11.153105	11.352807	
23	17.279763	17.287679	17.266708	17.400132	17.246631	17.277760	17.345230	16.950618	17.504403	17.476493	17.354775	17.289880	17.477638	17.613558	17.644120	17.643837	17.086707	17.042982	17.037961	17.528922	17.273973	16.991272	17.102373	17.214798	17.236854	17.276873	17.310364	17.819370	18.440809	18.363034	
24	18.117331	18.604997	17.496676	18.499184	18.430991	18.177843	18.115647	17.675914	17.481690	17.246800	17.229060	17.348945	17.226745	17.187698	17.392500	17.418011	17.401574	17.488422	17.269303	17.365931	17.419563	18.219778	17.397485	17.352798	17.286813	17.185148	17.444694	17.202442	17.332964	17.281074	
25	17.402020	17.507421	17.929738	17.908991	17.470770	17.383889	17.826708	17.466418	17.511575	17.386427	17.427527	17.474489	17.820127	17.361599	17.654928	17.685779	17.452049	17.321383	17.295871	17.350340	17.455753	17.485854	17.437274	17.419601	17.505807	17.455298	17.885038	17.503888	17.371300	18.199986	
26	17.875480	18.980430	17.482824	17.406073	17.628587	17.582215	18.163663	17.977563	17.796225	17.519858	17.470734	17.559372	17.571015	17.542403	17.662694	17.733829	17.721341	17.867108	17.504385	17.406198	17.558519	17.622010	17.435658	17.406928	18.571512	17.819289	17.542887	17.396483	18.335990	17.513144	
27	21.546675	21.743715	21.600330	21.469912	21.984567	21.653269	21.552758	21.985707	21.516868	21.726780	21.491833	21.780017	21.460866	21.886451	21.657065	21.639082	21.697787	21.685203	21.492477	21.697417	21.511403	21.839291	21.620816	21.749930	21.695443	22.734680	21.736360	21.772813	21.475682	21.854446	
28	26.047256	25.971376	25.761544	25.732765	26.305948	25.977412	26.152324	25.990116	27.457810	26.343918	26.173613	26.458586	25.977254	25.820435	25.919904	26.022028	26.066509	26.058172	25.885262	25.920687	25.743915	25.916133	25.851486	27.995054	26.815718	26.107926	26.707891	26.157625	26.087814	26.074051	
29	26.720037	26.419368	26.575568	26.355932	26.441071	26.522864	26.477276	26.457046	26.364584	26.576052	26.663461	26.500723	26.409986	26.537512	26.911584	27.208631	28.107487	26.844881	28.289722	26.818369	26.573940	26.449444	26.322169	26.533568	26.818556	27.252777	27.160313	27.677867	28.208312	28.403083	
30	67.595043	69.211297	70.694743	66.916221	69.317130	70.948452	69.193569	66.123085	66.960009	69.576705	73.259264	72.850465	73.514903	70.034336	76.588790	66.681361	71.647503	75.179166	70.872498	66.784897	69.133085	82.085619	65.344599	70.446802	65.261026	65.437200	64.942598	65.232201	65.105280	65.046430	
31	82.449778	82.964237	88.809663	82.397048	99.334322	93.531353	84.783533	81.839189	82.089421	84.943210	83.086578	89.243638	80.486809	80.078720	79.966563	80.284339	