4	0.000025	0.000027	0.000033	0.000028	0.000026	0.000028	0.000028	0.000028	0.000028	0.000027	0.000026	0.000027	0.000028	0.000028	0.000028	0.000028	0.000028	0.000028	0.000028	0.000027	0.000028	0.000028	0.000028	0.000028	0.000028	0.000028	0.000028	0.000027	0.000028	0.000027	
5	0.000068	0.000062	0.000067	0.000075	0.000064	0.000072	0.000067	0.000067	0.000067	0.000066	0.000067	0.000067	0.000067	0.000078	0.000064	0.000067	0.000066	0.000075	0.000062	0.000063	0.000066	0.000073	0.000066	0.000066	0.000074	0.000066	0.000068	0.000066	0.000066	0.000066	
6	0.000169	0.000167	0.000164	0.000163	0.000159	0.000165	0.000167	0.000156	0.000169	0.000164	0.000166	0.000173	0.000163	0.000153	0.000197	0.000158	0.000168	0.000161	0.000167	0.000158	0.000164	0.000164	0.000163	0.000167	0.000162	0.000162	0.000169	0.000163	0.000172	0.000164	
7	0.000376	0.000386	0.000401	0.000406	0.000394	0.000405	0.000461	0.000401	0.000390	0.000400	0.000401	0.000399	0.000380	0.000395	0.000410	0.000405	0.000404	0.000409	0.000404	0.000392	0.000391	0.000390	0.000406	0.000404	0.000401	0.000400	0.000399	0.000405	0.000405	0.000412	
8	0.000905	0.000906	0.000893	0.000875	0.000969	0.000908	0.000902	0.000957	0.000942	0.000972	0.000979	0.000903	0.000963	0.000991	0.000885	0.000990	0.000972	0.000991	0.000963	0.000926	0.000958	0.000964	0.000935	0.000976	0.000908	0.000947	0.000994	0.000887	0.000934	0.000957	
9	0.002243	0.002291	0.002257	0.002264	0.002367	0.002284	0.002246	0.002285	0.002225	0.002275	0.002215	0.002257	0.002229	0.002262	0.002229	0.002224	0.002209	0.002140	0.002160	0.002286	0.002384	0.002243	0.002173	0.002238	0.002182	0.002225	0.002231	0.002236	0.002175	0.002200	
10	0.005072	0.005103	0.004974	0.004943	0.005004	0.005090	0.005034	0.005016	0.005003	0.005008	0.005013	0.004971	0.004954	0.005063	0.004943	0.005067	0.005015	0.004993	0.005005	0.005036	0.005034	0.005739	0.004976	0.004974	0.004924	0.005027	0.004997	0.004993	0.005003	0.005050	
11	0.011830	0.011807	0.012209	0.011783	0.011799	0.011739	0.011780	0.011838	0.011756	0.011774	0.011862	0.011765	0.011949	0.011802	0.011794	0.011880	0.011750	0.011842	0.011813	0.011810	0.011877	0.011817	0.011753	0.011758	0.011880	0.012534	0.011859	0.011924	0.011810	0.011850	
12	0.027401	0.027488	0.027712	0.027334	0.027354	0.027368	0.027354	0.027555	0.027412	0.027531	0.027416	0.027409	0.027470	0.027471	0.027487	0.027233	0.027312	0.027496	0.027276	0.027320	0.027314	0.027291	0.027380	0.027421	0.027693	0.027392	0.027528	0.027327	0.027205	0.027448	
13	0.063946	0.063291	0.063452	0.063433	0.063240	0.063336	0.063168	0.063486	0.063315	0.063215	0.063246	0.063306	0.063302	0.063125	0.063186	0.063237	0.063372	0.063124	0.063123	0.063266	0.063196	0.063161	0.063490	0.063136	0.063797	0.063665	0.063150	0.063198	0.063122	0.063158	
14	0.099984	0.099231	0.099495	0.099663	0.099636	0.099579	0.099148	0.099754	0.099438	0.101518	0.099502	0.099196	0.099147	0.099179	0.099385	0.099236	0.099245	0.099335	0.099778	0.099518	0.099711	0.099539	0.099475	0.103103	0.120168	0.099909	0.099608	0.099586	0.100024	0.099404	
15	0.169137	0.169077	0.168890	0.169100	0.168510	0.168894	0.168437	0.168632	0.169037	0.168737	0.168580	0.168482	0.171334	0.168591	0.169259	0.168727	0.168818	0.170565	0.168993	0.169208	0.168897	0.175582	0.176914	0.170217	0.169014	0.168777	0.168860	0.168579	0.172216	0.168691	
16	0.299349	0.299730	0.299697	0.299938	0.300625	0.300228	0.301074	0.300337	0.302942	0.301027	0.299410	0.299609	0.299932	0.299880	0.299970	0.299728	0.301800	0.301181	0.300221	0.302721	0.301142	0.302350	0.302135	0.300412	0.299433	0.300219	0.299268	0.299591	0.299906	0.299885	
17	0.983867	0.986187	0.983815	0.982964	0.984059	0.988352	0.983618	0.992864	0.992253	1.203150	0.982811	0.983074	0.985163	0.983193	1.236347	0.985268	0.987445	0.986094	0.984389	0.983746	0.986721	0.991252	0.984246	0.982599	0.984775	0.985771	0.983653	0.985742	0.983963	0.984302	
18	1.765355	1.723435	1.723372	1.727540	1.718709	1.739906	1.720896	1.721410	1.727609	1.721931	1.723851	1.718613	1.722545	1.724393	1.723846	1.721680	1.716770	1.721018	1.722980	1.719984	1.724072	1.723579	1.726974	1.722722	1.722650	1.720693	1.722644	1.719417	1.721401	1.725073	
19	1.728837	1.737352	1.731426	1.735390	1.728989	1.730372	1.731162	1.728378	1.730452	1.728009	1.767778	1.730213	1.731891	1.728996	1.737201	1.730436	1.733546	1.733154	1.736964	1.734629	1.743364	1.733607	1.730411	1.730627	1.730148	1.735217	1.729106	1.729120	1.732758	1.729189	
20	3.586404	3.419337	3.388354	3.394948	3.386487	3.385956	3.388228	3.387418	3.391843	3.400820	3.394939	3.378786	3.393047	3.392081	3.400299	3.385871	3.383469	3.387077	3.381262	3.384058	3.406523	3.396735	3.413814	3.395285	3.410348	3.587858	3.388244	3.393295	3.392064	3.389945	
21	5.736030	5.693203	5.697525	5.679275	5.687109	5.685044	5.693044	5.681505	5.674527	5.680408	5.681555	5.684771	5.678070	5.686703	5.681133	5.680074	5.737916	5.696211	5.676752	5.686771	5.688613	5.908595	5.697003	5.699293	5.677553	5.689368	5.680110	5.681371	5.680625	5.682320	
22	5.909073	5.887555	5.889271	5.891130	5.897070	5.890068	5.894234	5.890670	5.883661	5.916811	5.892550	5.895046	5.881610	5.893512	5.889487	5.887232	5.888963	5.894895	5.893496	5.888421	5.907978	5.885758	5.884116	5.879608	5.885274	5.913506	5.880967	5.896280	5.884200	6.058542	
23	9.277543	9.123573	9.106882	9.114098	9.116222	9.138974	9.099671	9.139261	9.102255	9.124285	9.120458	9.118330	9.141044	9.110376	9.145567	9.111753	9.113183	9.116105	9.205934	9.111781	9.105253	9.101877	9.108630	9.118065	9.119596	9.139812	9.117929	9.206166	9.152945	9.107380	
24	9.771866	9.220086	9.212326	9.232403	9.211645	9.237955	9.215063	9.232460	9.224338	9.247040	9.225915	9.216627	9.229679	9.237438	9.253342	9.247956	9.231309	9.238818	9.789156	9.253438	9.238496	9.231487	9.233790	9.223843	9.238746	9.247064	9.224766	9.229509	9.219378	9.297276	
25	9.314655	9.324828	9.273850	9.268619	9.278149	9.267966	9.292206	9.274248	9.279373	9.279064	9.309544	9.267287	9.313024	9.284870	9.358361	9.275503	9.290608	9.337594	9.487968	9.276898	9.301719	9.270492	9.264704	9.297207	9.292484	9.265480	9.341296	9.255088	9.291500	9.265956	
26	9.341768	9.338388	9.337920	9.332923	9.342761	9.342172	9.410920	9.338488	9.339724	9.342160	9.346462	9.336384	9.401701	9.356198	9.347098	9.331919	9.343764	9.342200	9.364888	9.340928	9.375755	9.334439	9.308059	9.342192	9.335488	9.395239	9.338794	9.335874	9.376002	9.353570	
27	11.691312	11.555558	11.616847	11.589328	11.583511	11.582990	11.594423	11.574319	11.577967	11.835817	11.580200	11.571891	11.603765	11.593171	11.614331	11.582506	11.559761	11.577783	11.671275	11.570556	11.626014	11.611539	11.590405	11.586489	11.563113	11.601183	11.583139	11.588270	11.577775	11.563705	
28	13.890173	13.895048	13.880007	13.891602	13.863235	13.882589	13.882175	13.884968	13.896887	13.886720	13.897809	13.912747	13.882057	13.893200	13.895718	13.893040	13.889166	13.860856	13.866202	13.908397	13.897419	13.895085	13.885856	14.163558	13.881570	13.899925	13.902373	13.895258	13.904601	13.994339	
29	14.159846	14.176402	14.152654	14.151831	14.190573	14.159839	14.146393	14.170222	14.142807	14.139670	14.256192	14.177343	14.212923	14.186630	14.375069	14.130167	14.161935	14.309754	14.174051	14.162658	14.180736	14.177328	14.157822	14.170369	14.165704	14.181084	14.171380	14.158597	14.155691	14.141985	
30	34.048015	33.963789	33.934175	34.416516	34.032823	33.974165	35.951348	33.965551	33.938416	33.970024	33.955219	33.970555	33.981213	34.082412	34.004603	33.943522	33.932112	33.954956	33.981790	33.931509	33.984333	34.003590	34.013819	33.968386	33.985116	34.037731	33.969020	33.938329	34.253427	33.940353	
31	44.232714	43.960295	43.091831	43.065090	43.364070	43.109160	43.124040	43.188624	43.205148	43.169502	43.069119	43.134287	43.074528	43.100290	43.155775	43.029181	43.050007	43.118993	43.112135	43.095474	43.076439	43.236665	43.166380	43.253005	43.087536	43.176497	43.308580	43.070749	43.135595	43.070622	
32	48.073668	48.062797	47.994308	48.077121	48.058892	48.060664	48.056467	47.952094	48.068510	48.071458	48.190219	48.086200	48.046143	48.074554	47.987306	48.009262	48.000197	48.070988	48.053909	48.035901	48.094630	48.180684	48.036929	48.001253	48.038059	48.098836	47.967958	48.178417	48.069304	51.145644	
33	64.023055	64.023723	64.104792	64.020220	64.023506	63.963408	63.989439	64.018588	64.158314	63.870306	63.914183	63.941963	63.968115	64.075301	63.933387	63.986854	63.878208	64.000985	64.458325	63.898995	63.862969	63.985568	63.930335	64.073481	64.033186	64.005775	63.980498	63.937111	64.027354	64.592473	
34	72.442370	72.703620	72.510833	72.599909	72.411028	72.425359	72.407880	72.545499	72.441443	72.476195	72.245792	72.506520	72.402387	72.414854	72.525457	72.506433	72.417381	72.559434	72.431677	72.459096	72.384629	72.427469	72.554572	72.481146	72.462854	72.525272	72.500930	72.447286	72.310741	72.407050	
35	107.715357	107.518068	107.635839	107.620355	107.501749	107.502934	108.253667	107.688929	107.609492	107.568753	107.645924	107.459901	107.538052	107.717170	107.424695	107.826624	109.221447	107.567909	107.604583	107.899129	107.795677	107.716413	107.610451	107.736865	107.467397	107.625526	107.598238	107.459962	107.596344	107.496342	
36	238.863886	238.619741	238.423592	238.129593	238.281886	238.621143	238.529482	238.739790	238.272405	238.601611	238.370041	238.300945	238.629023	238.341491	238.244069	239.297429	238.507340	238.204598	238.657046	238.617223	238.898620	238.413625	238.406935	238.274549	250.406278	253.949813	254.310080	252.689434	251.657609	252.163904	
37	323.053092	322.450933	321.618832	319.993607	320.590362	320.266136	319.374983	321.685480	321.996563	324.562938	322.394200	320.459889	306.343092	306.496055	306.336506	305.120906	305.676042	306.074952	305.889236	306.094072	305.962155	306.354951	305.667839	306.346612	305.600422	305.673778	305.285322	305.828792	306.137709	306.008703	
38	365.922628	366.337089	366.140253	366.528529	367.475813	365.713050	365.991486	365.816736	365.792610	365.857319	367.226605	365.821014	365.831887	366.314682	369.997724	365.816145	365.895444	366.426334	365.844145	365.853437	365.981358	365.767155	366.191015	365.884102	364.939714	365.893171	366.029565	365.794166	365.621056	366.176319	
39	384.870520	384.685506	385.233087	383.982452	384.211596	383.872372	384.395165	384.235232	384.852593	384.128590	384.058685	384.784897	384.659627	384.557027	384.422456	384.461610	385.950580	386.699449	384.093618	384.480704	384.508242	383.846789	384.455679	383.933347	384.420817	383.787445	389.985547	384.435880	383.831438	384.323237	
40	547.297980	547.330150	547.688165	547.861488	547.630836	548.262993	547.408846	547.380401	547.805167	613.419562	547.453647	547.421179	549.491234	548.863833	563.132865	548.564077	547.636418	547.371037	547.852572	548.779166	547.405054	547.113779	547.410997	547.869059	547.783531	548.336510	548.149129	548.568991	547.872527	547.573904	
41	569.669057	569.589405	570.133807	570.489450	570.932619	569.740145	569.818315	569.855886	570.431501	574.365207	570.32497642	826.106248	825.691590	824.628129	43	43	848.651403	
44	953.969456	
45	969.535626	
46	1487.617011	
47	1676.930567	
48	48	1689.517986	
49	2526.15497349	2530.435871	
50	2636.53868751	2698.212612	
52	3023.783301	
53	3224.938971	
54	3449.226206	
55	3811.864869	
56	5612.799722	
57	