24019	23630	24019	24586	24586	24586	24586	24586	24586	24586	24586	24586	24586	24586	24586	24586	24586	24586	24586	24586	23630	23630	23630	23630	23630	23630	24586	24586	25352	25352	
23630	23517	23630	24019	24019	24019	24019	24019	24019	24019	24019	24019	24019	24019	24019	23630	23630	23630	23630	23630	23426	23426	23426	23426	23426	23426	23630	23630	24586	24586	
23517	23426	23517	23630	23630	23630	23630	23630	23630	23630	23630	23630	23630	23630	23630	23517	23517	23517	23426	23426	22632	22632	22632	22632	22632	22632	23426	23426	23630	23630	
23426	22632	23426	23517	23517	23517	23517	23517	23517	23517	23517	23517	23517	23517	23517	23426	23426	23426	22632	22632	22161	22161	22161	22161	22161	22161	22632	22632	23426	23426	
22632	22569	22632	23426	23426	23426	23426	23426	23426	23426	23426	23426	23426	23426	23426	22632	22632	22632	22161	22161	21725	19746	19232	19232	19232	19232	22161	22161	22632	22632	
22569	22161	22569	22632	22632	22632	22632	22632	22632	22632	22632	22632	22632	22632	22632	22161	22161	22161	21725	21725	19746	19232	18383	18383	18383	18383	19232	19232	22161	22161	
22161	21725	22161	22569	22569	22569	22569	22569	22569	22569	22569	22569	22161	22161	22161	21725	21725	21725	19746	19746	19232	18383	18159	18159	18159	18159	18383	18383	19232	19232	
21725	19746	21725	22161	22161	22161	22161	22161	22161	22161	22161	22161	21725	21725	21725	19746	19746	19746	19232	19232	18383	18159	16236	16236	16236	16236	18159	18159	18383	18383	
19746	18383	19746	21725	21725	21725	21725	21725	21725	21725	21725	21725	19746	19746	19746	19232	19232	19232	18383	18383	18159	16236	14571	14571	14571	14571	16236	16236	18159	18159	
18383	18159	18383	19746	19746	19746	19746	19746	19746	19746	19746	19746	18383	19232	19232	18383	18383	18383	18159	18159	16236	14571	11913	11913	11913	11913	14571	14571	16236	16236	
18159	16236	18159	18383	18383	18383	18383	18383	18383	18383	18383	18383	18159	18383	18383	18159	18159	18159	16236	16236	14571	11913	11840	11840	11840	11840	11913	12350	14571	14571	
16236	14016	16236	18159	18159	18159	18159	18159	18159	18159	18159	18159	16236	18159	18159	16236	16236	16236	14571	14571	11913	11840	11666	11666	11666	11666	11840	11913	12350	12350	
14016	13572	14016	16236	16236	16236	16236	16236	16236	16236	16236	16236	13572	16236	16236	14571	14571	14571	11840	11913	11840	11666	11521	11521	11521	11521	11666	11840	11913	11913	
13572	12417	13572	14016	14016	14016	14016	14016	14016	13572	13572	13572	11840	13572	11840	11840	11840	11840	11666	11840	11666	11521	10540	10540	10540	10540	11521	11666	11840	11840	
12417	11840	12417	13572	13572	13572	13572	13572	13572	11840	11840	11840	11666	11840	11666	11666	11666	11666	11521	11666	11521	10540	10534	10534	10534	10534	10540	11521	11666	11666	
11840	11666	11840	12417	12417	12417	12417	12417	11840	11666	11666	11666	10534	11666	10534	10534	11521	11521	10540	11521	10540	10534	10429	10429	10429	10429	10534	10540	11521	11521	
10429	10429	11666	11840	11840	11840	11840	11840	11666	10429	10429	10534	10429	10534	10429	10429	10534	10534	10534	10540	10534	10429	10005	10005	10005	7176	10429	10534	10540	10540	
10005	10005	10429	11666	11666	11666	11666	11666	10429	10005	10005	10429	10005	10429	10005	10005	10429	10429	10429	10534	10429	10005	7176	7176	7176	7040	7176	10429	10534	10534	
9386	9386	10005	10429	10429	10429	10429	10429	10005	8311	7176	10005	7176	10005	7176	7176	10005	10005	10005	10429	10005	7176	7040	7040	7040	6957	7040	7176	10429	10429	
7074	7074	9386	10005	10005	10005	10005	10005	7176	7176	7074	7176	7047	7176	7047	7047	7176	7176	8555	10005	8556	7040	6864	6864	6864	6864	6997	7040	7176	7176	
7047	7047	7074	9386	7977	7841	7176	7176	7074	7074	7047	7074	7040	7047	7040	7040	7040	7040	7176	7176	7176	6864	6839	6839	6839	6839	6957	6997	7040	7040	
6898	6898	7047	7074	7074	7074	7074	7074	7047	7047	7040	7047	6888	7040	6888	6888	6888	6888	7040	7040	7040	6839	6812	6812	6812	6812	6864	6957	6997	6997	
6888	6888	6898	7047	7047	7047	7047	7047	7040	7040	6888	7040	6864	6888	6864	6864	6864	6864	6888	6888	6864	6812	6792	6792	6792	6792	6839	6864	6957	6957	
6864	6864	6888	7040	7040	7040	7040	7040	6888	6888	6864	6888	6839	6864	6839	6839	6839	6839	6864	6864	6839	6792	6727	6727	6727	6727	6812	6839	6864	6864	
6839	6839	6864	6898	6898	6898	6898	6888	6864	6864	6839	6864	6792	6839	6792	6792	6792	6792	6839	6839	6812	6727	6666	6666	6666	6666	6792	6812	6839	6839	
6792	6792	6839	6888	6888	6888	6888	6864	6839	6839	6792	6839	6727	6792	6727	6727	6727	6727	6792	6792	6792	6666	6620	6620	6620	6620	6666	6792	6812	6812	
6780	6780	6792	6864	6864	6864	6864	6839	6792	6792	6780	6792	6666	6727	6666	6666	6666	6666	6727	6727	6727	6620	6468	6468	6468	6468	6620	6666	6666	6666	
6727	6727	6780	6839	6839	6839	6839	6792	6780	6780	6727	6727	6620	6666	6620	6620	6620	6620	6666	6666	6666	6468	5915	5915	5915	5915	6468	6620	6620	6620	
6658	6658	6727	6792	6792	6792	6792	6780	6727	6727	6666	6666	6468	6620	6468	6468	6468	6468	6620	6620	6620	5915	5850	5850	5850	5850	5915	6468	6468	6468	
0	6620	6666	6780	6780	6780	6780	6727	6666	6666	6620	6620	5915	6468	5915	5915	5915	5915	6468	6468	6468	5850	5811	5811	5811	5787	5850	5915	5915	5850	
6620	6468	6620	6727	6727	6727	6727	6666	6620	6620	6468	6468	5850	5915	5850	5850	5850	5850	5915	5915	5915	5811	5787	5787	5787	5725	5787	5850	5850	5787	
6468	5915	6468	6666	6666	6666	6666	6620	6468	6468	5915	5915	5787	5850	5787	5787	5787	5811	5850	5850	5850	5787	5725	5725	5725	5722	5725	5787	5787	5725	
5915	5850	5915	6620	6620	6620	6620	6468	5915	5915	5850	5850	5725	5787	5725	5725	5725	5787	5811	5811	5811	5725	5722	5722	5722	5695	5722	5725	5725	5722	
5850	5787	5850	6468	6468	6468	6468	5915	5850	5850	5787	5787	5722	5725	5722	5722	5722	5725	5787	5787	5787	5722	5717	5717	5717	0	5695	5722	5722	5695	
5787	5725	5787	5915	5915	5915	5915	5850	5787	5787	5725	5725	5717	5722	5717	5717	5717	5722	5725	5725	5725	5717	5695	5695	5695	5694	0	5695	5695	0	
5725	5722	5725	5850	5850	5850	5850	5787	5725	5725	5722	5722	5695	5717	5695	5695	5695	5717	5722	5722	5722	5695	0	0	0	5691	5694	0	0	5691	
5722	5717	5722	5787	5787	5787	5787	5725	5722	5722	5717	5717	0	5695	0	0	0	5695	5717	5717	5717	0	5694	5694	5694	5672	5691	5691	5691	5678	
5717	5695	5717	5725	5725	5725	5725	5722	5717	5717	5695	5695	5694	0	5694	5694	5694	0	5695	5695	5695	5694	5691	5691	5691	5671	5672	5672	5678	5672	
5695	0	5695	5722	5722	5722	5722	5717	5695	5695	2.49678e-39	0	4.2039e-45	5694	0	0	0	5694	0	0	0	5691	5672	5672	5672	5666	5671	5671	5672	5671	
1.50743e-39	5694	1.50743e-39	5717	5717	5717	5717	5695	0	0	5694	5694	5691	0	5691	5691	5691	5691	5694	5694	5694	5672	5671	5671	5671	5643	5666	5666	5671	5666	
5694	0	5694	5695	5695	5695	5695	0	5694	5694	1.37753e-39	0	5672	5691	5672	5672	5672	5672	5691	5691	5691	5671	5666	5666	5666	5640	5643	5643	5666	5643	
2.38221e-44	5691	5.88077e-39	0	0	1.4013e-45	4.05658e-26	5694	0	0	5691	5691	5671	5672	5671	5671	5671	5671	5672	5672	5672	5666	5643	5643	5643	5610	5640	5640	5643	5640	
5691	5672	5691	5694	5694	5694	5694	4.59149e-41	5691	5691	5672	5672	5666	5671	5666	5666	5666	5666	5671	5671	5671	5643	5640	5640	5640	5586	5610	5610	5640	5610	
5672	5671	5672	0	2.91814e-39	0	5.73972e-42	5691	5672	5672	5671	5671	5645	5666	5643	5643	5643	5643	5666	5666	5666	5640	5625	5610	5610	5578	5586	5586	5610	5586	
5671	5666	5671	5691	5691	5691	5691	5672	5671	5671	5666	5666	5643	5645	5640	5640	5640	5640	5643	5643	5643	5625	5610	5586	5586	5566	5578	5578	5586	5578	
5666	5645	5666	5672	5672	5672	5672	5671	5666	5666	5645	5645	5640	5643	5625	5625	5625	5625	5640	5640	5640	5610	5586	5578	5578	5564	5566	5566	5578	5566	
5645	5640	5645	5671	5671	5671	5671	5666	5645	5645	5640	5640	5625	5640	5610	5610	5610	5610	5625	5625	5625	5586	5578	5566	5566	5533	5564	5564	5566	5564	
5640	5625	5640	5666	5666	5666	5666	5645	5640	5640	5625	5625	5610	5625	5586	5586	5586	5586	5610	5610	5610	5578	5566	5564	5564	5518	5533	5533	5564	5533	
5625	5610	5625	5645	5645	5645	5645	5640	5625	5625	5610	5610	5586	5610	5578	5578	5578	5578	5586	5586	5586	5566	5564	5533	5533	5214	5518	5518	5533	5518	
5610	5586	5610	5640	5640	5640	5640	5625	5610	5610	5586	5586	5578	5586	5566	5566	5566	5566	5578	5578	5578	5564	5533	5518	5518	5105	5214	5214	5518	5214	
5586	5578	5586	5625	5625	5625	5625	5610	5586	5586	5578	5578	5566	5578	5564	5564	5564	5564	5566	5566	5566	5533	5518	5214	5214	5050	5105	5105	5214	5131	
5578	5570	5578	5610	5610	5610	5610	5586	5578	5578	5566	5566	5564	5566	5518	5518	5533	5533	5564	5564	5564	5518	5214	5106	5105	5022	5050	5050	5105	5105	
5570	5566	5570	5586	5586	5586	5586	5578	5566	5566	5564	5564	5518	5564	5507	5507	5518	5518	5533	5533	5533	5214	5106	5105	5050	4944	5022	5022	5050	5050	
5566	5564	5566	5578	5578	5578	5578	5566	5564	5564	5518	5518	5507	5518	5162	5162	5507	5507	5518	5518	5518	5106	5105	5050	5022	4937	4944	4944	5022	5022	
5564	5545	5564	5570	5570	5570	5566	5564	5518	5518	5507	5507	5174	5507	5106	5106	5162	5162	5507	5214	5214	5105	5050	5022	4944	4911	4937	4937	4998	4998	
5545	5541	5545	5566	5566	5566	5564	5518	5507	5507	5267	5267	5162	5162	5050	5050	5106	5106	5162	5162	5106	5050	5022	4944	4937	4882	4911	4911	4944	4944	
5541	5518	5541	5564	5564	5564	5518	5507	5267	5267	5174	5174	5106	5106	5022	5022	5050	5105	5106	5106	5105	5022	4985	4937	4882	4877	4882	4882	4937	4937	
5518	5507	5518	5541	5518	5518	5507	5267	5174	5174	5162	5162	5050	5050	4997	4997	5022	5050	5105	5105	5050	4997	4944	4882	4877	4862	4877	4877	4911	4911	
5507	5267	5507	5518	5507	5507	5267	5174	5162	5162	5106	5106	5022	5022	4985	4985	4997	5022	5050	5050	5022	4985	4937	4877	4862	4846	4862	4862	4882	4882	
5267	5174	5267	5507	5267	5267	5174	5162	5106	5106	5050	5050	4997	4997	4944	4944	4985	4997	5022	5022	4997	4944	4882	4846	4846	4843	4846	4846	4877	4877	
5174	5162	5174	5267	5174	5174	5162	5106	5050	5050	5022	5022	4985	4985	4937	4937	4944	4985	4997	4997	4985	4937	4877	4843	4843	4830	4830	4830	4862	4862	
