0	5915	0	0	0	0	0	0	0	0	0	0	0	0	0	0	0	0	5915	5915	5717	5695	5695	5695	5695	5695	5695	5915	5915	5850	
5915	5717	5915	0	0	0	0	0	0	0	0	0	5915	5915	5915	5915	5915	5915	5717	5717	5695	0	0	0	0	0	0	5695	5695	5695	
5717	5694	5717	5915	0	0	0	0	0	5915	5915	5915	5717	5717	5717	5717	5717	5717	5695	5695	5694	5694	5694	5694	5694	5694	5694	0	0	0	
5694	5645	5694	5717	5915	5915	5915	5915	5915	5717	5717	5717	5694	5694	5695	5695	5695	5695	5694	5694	5672	5672	5672	5672	5672	5672	5672	5672	5672	5672	
5645	5625	5645	5694	5717	5717	5717	5717	5717	5694	5694	5694	5672	5672	5694	5694	5694	5694	5672	5672	5625	5625	5625	5640	5640	5640	5640	5640	5640	5640	
5625	5541	5625	5645	5694	5694	5694	5694	5694	5672	5672	5672	5645	5645	5672	5672	5672	5672	5625	5625	5518	5518	5564	5564	5564	5564	5564	5564	5564	5564	
5541	5507	5541	5625	5645	5645	5645	5645	5672	5645	5645	5645	5625	5625	5625	5625	5625	5625	5507	4985	4985	4985	5518	5518	5518	5518	5518	5518	5518	5518	
5507	4985	5507	5541	5625	5625	5625	5625	5645	5625	5625	5625	5507	5507	5507	5507	5507	5507	4985	4770	4770	4770	4985	4877	4877	4877	4877	4877	4877	4877	
4985	4979	4985	5507	5507	5507	5507	5507	5625	5507	5507	5507	4985	4985	4985	4985	4985	4985	4770	4761	4761	4761	4877	4770	4770	4770	4770	4770	4770	4770	
4979	4928	4979	4985	4985	4985	4985	4985	5507	4985	4985	4985	4928	4928	4928	4928	4928	4928	4761	4748	4748	4748	4770	4761	4761	4761	4761	4761	4761	4761	
4928	4924	4928	4979	4979	4979	4979	4979	4985	4979	4979	4979	4770	4770	4770	4770	4770	4770	4748	4739	4739	4739	4761	4748	4748	4753	4753	4753	4753	4753	
4924	4835	4924	4928	4928	4928	4928	4928	4979	4928	4928	4928	4761	4761	4761	4761	4761	4761	4739	4726	4726	0	4748	4739	4739	4748	4748	4748	4748	4748	
4835	4813	4835	4924	4924	4924	4924	4924	4928	4924	4770	4770	4739	4739	4739	4739	4739	4739	4726	4675	4675	4726	4739	0	0	4739	4739	4739	4739	4739	
4813	4770	4770	4835	4835	4835	4835	4835	4924	4835	4761	4761	4726	4726	4726	4726	4726	4726	4675	4674	4674	4675	0	4726	4726	0	0	0	0	0	
0	4739	4739	4770	4770	4770	4770	4770	4835	4770	4739	4739	4708	4675	4675	4675	4675	4675	4674	4668	4668	4674	4726	4675	4675	4726	4726	4726	4726	4726	
4770	4726	4726	4739	4739	4739	4761	4761	4770	4761	4726	4726	4674	4674	4674	4674	4674	4674	4668	4663	4663	4668	4675	4674	4674	4675	4675	4675	4675	4675	
4739	4708	4708	4726	4726	4726	4739	4739	4761	4739	4708	4708	4668	4668	4668	4668	4668	4668	4663	4587	4587	4663	4674	4668	4668	4674	4674	4674	4668	4668	
4726	4688	4688	4708	4708	4708	4726	4726	4739	4726	4688	4688	4663	4663	4663	4663	4663	4663	4587	4546	4546	4601	4668	4663	4663	4668	4668	4668	4663	4663	
4708	4679	4679	4688	4688	4688	4708	4708	4726	4708	4674	4674	4618	4587	4587	4587	4587	4587	4546	4533	4533	4587	4663	4601	4601	4663	4663	4663	4655	4655	
4688	4674	4674	4679	4679	4679	4688	4688	4708	4688	4668	4668	4587	4546	4546	4546	4546	4546	4533	4505	4505	4546	4601	4587	4587	4601	4601	4601	4601	4601	
4679	4663	4663	4674	4674	4674	4674	4674	4688	4674	4663	4663	4546	4498	4505	4505	4505	4533	4505	4461	4461	4533	4587	4533	4533	4587	4587	4587	4587	4587	
4674	4618	4618	4663	4663	4663	4663	4663	4674	4668	4618	4618	4498	4478	4498	4498	4498	4505	4461	4376	4376	4505	4546	4505	4505	4533	4533	4533	4533	4533	
4663	4587	4587	4618	4618	4618	4618	4618	4668	4663	4587	4587	4478	4475	4478	4478	4475	4498	4376	4212	4212	4461	4533	4461	4461	4505	4505	4505	4505	4505	
4618	4546	4546	4587	4587	4587	4587	4587	4663	4618	4546	4546	4475	4461	4475	4475	4461	4461	4212	4174	4174	4376	4505	4376	4399	4461	4461	4461	4461	4461	
4587	4498	4498	4546	4546	4546	4546	4546	4618	4587	4498	4498	4461	4376	4461	4461	4376	4376	4174	4148	4148	4212	4461	4212	4376	4399	4399	4399	4399	4399	
4546	4487	4478	4498	4498	4498	4498	4498	4587	4546	4478	4478	4376	4212	4376	4376	4217	4212	4148	4116	4116	4174	4376	4174	4312	4376	4212	4398	4398	4398	
4498	4478	4475	4478	4478	4478	4478	4478	4546	4498	4475	4475	4212	4174	4212	4321	4212	4174	4116	4078	4078	4148	4261	4148	4212	4212	4174	4212	4212	4212	
4487	4475	4461	4475	4475	4475	4475	4475	4498	4478	4461	4461	4174	4116	4174	4212	4174	4148	4078	4017	4054	4116	4212	4116	4174	4174	4148	4174	4174	4174	
0	4461	4376	4461	4461	4461	4461	4461	4478	4475	4376	4376	4116	4078	4116	4174	4116	4116	4017	3934	3934	4078	4174	4078	4148	4148	4116	4148	4148	4164	
4478	4376	4307	4376	4376	4376	4376	4376	4475	4461	4212	4212	4078	4017	4078	4116	4078	4078	3934	3923	3923	4054	4148	4054	4116	4116	4079	4116	4116	4148	
4475	4307	4212	4307	4307	4307	4307	4212	4461	4376	4188	4188	3949	3949	4017	4078	4017	4017	3923	3774	3774	3934	4116	3934	4079	4079	4078	4079	4079	4116	
4461	4212	4188	4212	4212	4212	4212	4188	4376	4212	4174	4174	3923	3923	3949	4017	3949	3934	3774	3718	3718	3923	4078	3923	4078	4078	4054	4078	3923	4079	
4376	4188	4116	4188	4188	4188	4188	4174	4212	4188	4116	4116	3774	3774	3923	3949	3923	3923	3718	3708	3708	3774	4054	3774	4054	4054	3923	3923	3774	3923	
4307	4116	4078	4116	4116	4116	4174	4116	4188	4174	4078	4078	3718	3718	3774	3923	3774	3774	3708	3688	3688	3718	3934	3772	3923	3923	3774	3774	3772	3774	
4212	4078	4069	4078	4078	4078	4116	4078	4174	4116	3949	3949	3708	3708	3718	3774	3718	3718	3688	3682	3682	3708	3923	3718	3774	3774	3772	3772	3718	3772	
4188	4069	4001	4069	4069	4069	4078	4069	4116	4078	3923	3923	3689	3688	3708	3718	3708	3708	3682	3674	3674	3682	3774	3708	3772	3772	3718	3718	3708	3718	
4116	4001	3819	4014	4014	4014	4069	4014	4078	4014	3774	3774	3688	3674	3688	3708	3688	3688	3674	3667	3651	3674	3718	3682	3718	3718	3708	3708	3682	3708	
4078	3819	3708	4001	4001	3708	4014	3870	4014	3718	3718	3718	3674	3667	3674	3688	3674	3674	3667	3651	3631	3651	3708	3674	3708	3708	3682	3682	3674	3682	
4001	3708	3689	3819	3708	3689	3708	3708	3708	3708	3708	3708	3667	3651	3667	3674	3667	3667	3651	3631	3624	3631	3682	3651	3682	3682	3674	3674	3651	3674	
3819	3689	3688	3708	3689	3688	3689	3689	3689	3689	3689	3689	3651	3631	3651	3667	3651	3651	3631	3624	3623	3624	3674	3631	3674	3674	3651	3651	3620	3651	
3708	3688	3674	3689	3688	3674	3688	3688	3688	3688	3688	3688	3631	3624	3631	3651	3631	3631	3624	3623	3620	3623	3651	3620	3651	3651	3620	3620	3549	3549	
3689	3674	3667	3688	3674	3667	3674	3674	3674	3674	3674	3674	3624	3623	3624	3631	3624	3624	3623	3620	3549	3620	3631	3549	3620	3620	3549	3549	3438	3438	
3688	3667	3651	3674	3667	3651	3667	3667	3667	3667	3667	3667	3623	3620	3623	3624	3623	3623	3620	3549	3438	3549	3624	3438	3549	3549	3438	3438	3398	3398	
3674	3651	3631	3667	3651	3631	3651	3651	3651	3651	3651	3651	3620	3549	3620	3623	3620	3620	3549	3438	3398	3438	3620	3398	3438	3438	3398	3398	3314	3391	
3667	3631	3624	3651	3631	3624	3631	3631	3631	3631	3631	3631	3549	3493	3549	3620	3549	3549	3438	3398	3314	3398	3549	3314	3398	3398	3314	3314	3295	3316	
3651	3624	3623	3631	3624	3623	3624	3624	3624	3624	3624	3624	3493	3438	3493	3549	3438	3438	3398	3314	3295	3314	3438	3295	3314	3314	3295	3295	3279	3314	
3631	3623	3620	3624	3623	3620	3623	3623	3623	3623	3623	3623	3438	3398	3438	3493	3398	3398	3314	3295	3279	3295	3398	3279	3295	3295	3279	3279	3273	3295	
3624	3620	3493	3623	3620	3549	3620	3620	3620	3620	3620	3620	3398	3314	3398	3438	3314	3314	3295	3279	3273	3279	3314	3273	3279	3279	3273	3273	3235	3279	
3623	3493	3438	3620	3493	3493	3549	3549	3549	3549	3549	3549	3314	3295	3314	3398	3295	3295	3279	3273	3265	3273	3295	3235	3273	3273	3235	3235	3195	3273	
3620	3438	3314	3493	3438	3438	3493	3493	3493	3493	3493	3493	3295	3279	3295	3314	3279	3279	3273	3265	3235	3265	3279	3195	3235	3235	3195	3195	3186	3235	
3493	3314	3295	3438	3314	3314	3438	3438	3438	3438	3438	3438	3279	3273	3279	3295	3273	3273	0	3235	3195	3235	3273	3186	3195	3195	3186	3186	3183	3195	
3438	3279	3279	3314	3295	3295	3314	3398	3398	3398	3398	3398	3273	0	3273	3279	0	0	3265	3196	3186	3195	3265	3183	3186	3186	3183	3183	3169	3186	
3314	3273	3273	3295	3279	3279	3295	3314	3314	3314	3314	3314	0	3265	0	3273	3265	3265	3235	3195	3183	3186	3235	3169	3183	3183	3169	3169	3168	3183	
3279	3265	3265	3279	3273	3273	3279	3295	3295	3295	3295	3295	3265	3235	3265	0	3235	3235	3196	3186	3169	3183	3195	3168	3169	3169	3168	3168	3146	3169	
3273	3219	3219	3273	3265	3265	3273	3279	3279	3279	3279	3279	3235	3196	3235	3265	3196	3196	3195	3183	3168	3169	3186	3146	3168	3168	3146	3146	3134	3168	
3265	3204	3204	3265	3204	3235	3265	3273	3273	3273	3273	3273	3196	3195	3196	3235	3195	3195	3186	3169	3146	3168	3183	3134	3146	3146	3134	3134	3117	3146	
3219	3197	3197	3204	3197	3204	3235	3265	3265	3265	0	0	3195	3183	3195	3196	3186	3186	3183	3168	3121	3146	3169	3121	3134	3134	3117	3117	3111	3134	
3204	3195	3195	3197	3195	3197	3204	3235	3235	3235	3265	3265	3183	0	3183	3195	3183	3183	0	3146	3118	3134	3168	3117	3117	3117	3111	3111	3101	3117	
3197	3183	3183	3195	3183	3195	3195	3204	3204	3204	3235	3235	0	3169	0	3183	0	0	3169	3121	3111	3121	3146	3111	3111	3111	3101	3101	3099	3111	
3195	3169	3169	3183	0	3183	3183	3195	3195	3196	3204	3204	3169	3168	3169	0	3169	3169	3168	3118	3101	3118	3134	3101	3101	3101	3099	3099	3098	3101	
3183	3168	3168	0	3169	0	0	3183	3183	3195	3196	3196	3168	3146	3168	3169	3168	3168	3146	3111	3099	3117	3121	3099	3099	3099	3098	3098	3083	3099	
