4	0.000028	0.000028	0.000028	0.000028	0.000028	0.000028	0.000030	0.000030	0.000028	0.000028	0.000027	0.000028	0.000030	0.000028	0.000025	0.000027	0.000025	0.000029	0.000028	0.000028	0.000028	0.000028	0.000028	0.000028	0.000028	0.000028	0.000027	0.000027	0.000028	0.000028	
5	0.000069	0.000066	0.000069	0.000067	0.000067	0.000067	0.000066	0.000066	0.000071	0.000074	0.000067	0.000067	0.000067	0.000066	0.000068	0.000066	0.000066	0.000067	0.000067	0.000067	0.000068	0.000066	0.000066	0.000066	0.000067	0.000066	0.000066	0.000066	0.000066	0.000067	
6	0.000107	0.000107	0.000106	0.000105	0.000104	0.000105	0.000112	0.000105	0.000105	0.000106	0.000104	0.000104	0.000107	0.000104	0.000105	0.000104	0.000105	0.000105	0.000108	0.000106	0.000105	0.000104	0.000107	0.000107	0.000107	0.000107	0.000105	0.000102	0.000105	0.000106	
7	0.000114	0.000114	0.000113	0.000112	0.000111	0.000116	0.000116	0.000124	0.000112	0.000111	0.000112	0.000113	0.000111	0.000111	0.000113	0.000111	0.000111	0.000114	0.000113	0.000114	0.000116	0.000118	0.000118	0.000111	0.000111	0.000112	0.000114	0.000113	0.000111	0.000114	
8	0.000566	0.000563	0.000560	0.000564	0.000572	0.000559	0.000571	0.000566	0.000561	0.000567	0.000560	0.000559	0.000563	0.000545	0.000575	0.000541	0.000565	0.000563	0.000560	0.000564	0.000568	0.000566	0.000561	0.000565	0.000561	0.000560	0.000574	0.000562	0.000552	0.000564	
9	0.000946	0.000942	0.000914	0.000903	0.000906	0.000877	0.000887	0.000944	0.000890	0.000919	0.000902	0.000941	0.000944	0.000942	0.000932	0.000908	0.000920	0.000926	0.000897	0.000888	0.000884	0.000868	0.000943	0.000943	0.000935	0.000902	0.000880	0.000890	0.000909	0.000928	
10	0.001091	0.001109	0.001109	0.001089	0.001125	0.001102	0.001071	0.001170	0.001110	0.001145	0.001107	0.001085	0.001059	0.001116	0.001084	0.001141	0.001109	0.001057	0.001147	0.001102	0.001085	0.001143	0.001104	0.001072	0.001133	0.001045	0.001133	0.001095	0.001081	0.001131	
11	0.001150	0.001181	0.001246	0.001211	0.001112	0.001178	0.001106	0.001169	0.001180	0.001183	0.001147	0.001146	0.001174	0.001101	0.001177	0.001101	0.001173	0.001098	0.001170	0.001097	0.001168	0.001108	0.001139	0.001154	0.001139	0.001172	0.001144	0.001175	0.001169	0.001117	
12	0.007658	0.007886	0.007669	0.007662	0.007717	0.007780	0.007687	0.007705	0.007576	0.007718	0.007601	0.007653	0.007624	0.007654	0.007620	0.007694	0.007571	0.007687	0.007592	0.007695	0.007596	0.007668	0.007574	0.007688	0.007665	0.007643	0.007698	0.007612	0.007593	0.007732	
13	0.008169	0.008297	0.008283	0.008298	0.008264	0.008291	0.008277	0.008593	0.008260	0.008237	0.008225	0.008259	0.008231	0.008271	0.008211	0.008162	0.008613	0.008354	0.008296	0.008195	0.008333	0.008189	0.008251	0.008210	0.008253	0.008128	0.008212	0.008186	0.008149	0.008167	
14	0.012768	0.012718	0.012813	0.012680	0.013007	0.012741	0.012741	0.012741	0.012730	0.012684	0.012766	0.012846	0.012737	0.012747	0.012696	0.012694	0.012759	0.012826	0.012647	0.012765	0.012674	0.012740	0.012660	0.012720	0.012592	0.012610	0.012742	0.012643	0.012687	0.012711	
15	0.019404	0.019258	0.019530	0.019420	0.019375	0.019274	0.019258	0.019495	0.019546	0.019299	0.019339	0.019265	0.019312	0.019284	0.019362	0.019359	0.019428	0.019365	0.019661	0.019643	0.019367	0.019499	0.019398	0.019289	0.019355	0.019383	0.019307	0.019381	0.019376	0.019203	
16	0.028040	0.027833	0.027977	0.028100	0.027903	0.027952	0.027909	0.027831	0.027911	0.027966	0.028167	0.027971	0.028362	0.028108	0.027918	0.027978	0.027792	0.027985	0.027975	0.028408	0.028008	0.027881	0.027940	0.027929	0.027998	0.028344	0.028233	0.027960	0.027883	0.028338	
17	0.034499	0.034536	0.034319	0.034606	0.034448	0.034437	0.034751	0.034490	0.034428	0.034505	0.034915	0.034481	0.034506	0.034967	0.034588	0.034634	0.034529	0.034733	0.034547	0.034578	0.034502	0.034870	0.034587	0.034521	0.034548	0.034726	0.038250	0.034766	0.035012	0.034516	
18	0.047398	0.047334	0.047347	0.047768	0.047775	0.048430	0.047315	0.047337	0.047263	0.047604	0.047577	0.047888	0.047661	0.048051	0.047360	0.047332	0.047367	0.047362	0.048835	0.047729	0.047849	0.047809	0.047385	0.047368	0.047531	0.047513	0.047303	0.047370	0.047450	0.047350	
19	0.054251	0.055021	0.054829	0.054891	0.054718	0.054653	0.054953	0.054498	0.054187	0.054760	0.055274	0.054531	0.054277	0.054269	0.054197	0.055328	0.054412	0.056189	0.054157	0.054404	0.054418	0.054217	0.054795	0.054005	0.054165	0.054805	0.054693	0.054616	0.054339	0.054377	
20	0.069314	0.068749	0.068797	0.069013	0.068816	0.068881	0.068938	0.068727	0.068715	0.068931	0.069015	0.068698	0.068742	0.068651	0.068919	0.068963	0.068916	0.068900	0.070813	0.069080	0.069107	0.069188	0.069224	0.068818	0.068769	0.068733	0.068794	0.069093	0.069567	0.068904	
21	0.081381	0.076170	0.083721	0.078918	0.075030	0.075093	0.075029	0.075434	0.075318	0.076280	0.074927	0.074913	0.075027	0.075423	0.074899	0.074817	0.075413	0.074894	0.074814	0.075025	0.075011	0.075091	0.075080	0.074950	0.075277	0.074892	0.074911	0.074931	0.074981	0.074969	
22	0.099957	0.101597	0.099717	0.099740	0.100111	0.100114	0.099900	0.099762	0.099843	0.103354	0.099926	0.099848	0.099657	0.099645	0.099757	0.099931	0.100623	0.100150	0.100302	0.100418	0.105430	0.099821	0.100450	0.099634	0.100557	0.099944	0.099728	0.099788	0.099841	0.099940	
23	0.103008	0.104392	0.102605	0.102671	0.102451	0.102489	0.102596	0.102674	0.114150	0.102432	0.102539	0.102711	0.102603	0.102713	0.103211	0.102995	0.102438	0.102549	0.102826	0.103171	0.102721	0.103212	0.102963	0.103137	0.102725	0.102788	0.104788	0.102985	0.102868	0.103248	
24	0.130560	0.130596	0.130071	0.130305	0.130492	0.130613	0.130253	0.130411	0.130488	0.130746	0.130276	0.130362	0.131050	0.130322	0.130105	0.131230	0.130055	0.130407	0.130033	0.130348	0.129879	0.130280	0.131060	0.130289	0.130444	0.130667	0.130175	0.130066	0.131178	0.130763	
25	0.138083	0.138883	0.138457	0.138240	0.170446	0.139490	0.138096	0.138382	0.139210	0.138890	0.138306	0.145676	0.137728	0.140258	0.143662	0.137923	0.138253	0.138140	0.138672	0.137613	0.138486	0.138380	0.138070	0.138920	0.138455	0.138346	0.138878	0.137840	0.137894	0.137936	
26	0.157068	0.155611	0.157705	0.155524	0.156674	0.155332	0.155995	0.155881	0.156806	0.155884	0.155781	0.155601	0.156220	0.155856	0.155969	0.155523	0.155500	0.155377	0.155745	0.155749	0.155800	0.155572	0.155635	0.155679	0.155729	0.156790	0.155977	0.155773	0.155433	0.156941	
27	0.160613	0.160043	0.159125	0.159470	0.159272	0.159955	0.159008	0.161033	0.159160	0.159360	0.159043	0.162139	0.158989	0.159190	0.159328	0.159653	0.159818	0.159788	0.159274	0.159077	0.159121	0.159010	0.159056	0.159240	0.185195	0.159471	0.159254	0.161265	0.158900	0.160961	
28	0.168159	0.168202	0.170238	0.168562	0.168113	0.168070	0.168173	0.168881	0.168622	0.168278	0.168687	0.168605	0.168719	0.169126	0.168108	0.167957	0.168294	0.169479	0.168494	0.173569	0.169537	0.168052	0.168816	0.167856	0.169530	0.168364	0.168401	0.168307	0.168112	0.168460	
29	0.211571	0.212574	0.211881	0.212384	0.213116	0.212225	0.212450	0.214557	0.213075	0.213090	0.217713	0.212290	0.212145	0.212032	0.211845	0.212203	0.212028	0.211675	0.211967	0.213576	0.212271	0.211982	0.211877	0.211668	0.214126	0.212001	0.213899	0.212404	0.212097	0.213776	
30	0.258418	0.258090	0.259592	0.258269	0.258435	0.258532	0.258089	0.259328	0.258542	0.258985	0.258760	0.259039	0.281035	0.258833	0.258518	0.258780	0.300205	0.258548	0.258660	0.258106	0.258885	0.258236	0.258826	0.260627	0.260213	0.258607	0.258372	0.258436	0.265825	0.258407	
31	0.330977	0.331955	0.331745	0.332552	0.330984	0.334588	0.334229	0.330813	0.330885	0.330486	0.331240	0.337454	0.331205	0.330634	0.330307	0.330849	0.331654	0.331486	0.330957	0.331290	0.331180	0.332353	0.330845	0.330616	0.331354	0.330671	0.332212	0.330692	0.330694	0.330780	
32	0.361090	0.360934	0.360593	0.361242	0.361741	0.361471	0.360799	0.364479	0.361704	0.362043	0.361367	0.361254	0.360965	0.360944	0.360637	0.360743	0.361496	0.361139	0.360940	0.360317	0.374635	0.362681	0.362270	0.363752	0.361013	0.361938	0.402009	0.365253	0.360820	0.363522	
33	0.407599	0.408301	0.408047	0.407672	0.407203	0.408080	0.412968	0.407664	0.408357	0.408010	0.407481	0.407721	0.408185	0.407899	0.408317	0.410232	0.407216	0.408037	0.407793	0.407856	0.408011	0.408955	0.408371	0.410307	0.408000	0.409887	0.407066	0.408814	0.407113	0.413841	
34	0.426525	0.427076	0.428816	0.426677	0.427402	0.426259	0.425910	0.426661	0.426063	0.425854	0.429516	0.428908	0.426158	0.425989	0.426664	0.425942	0.427346	0.433301	0.432154	0.427750	0.429831	0.425950	0.426254	0.425803	0.425747	0.426859	0.434445	0.428907	0.428766	0.429311	
35	0.490298	0.489074	0.489762	0.490624	0.490289	0.493212	0.490023	0.490297	0.489288	0.489491	0.489554	0.489253	0.490306	0.490425	0.489726	0.489243	0.489308	0.493440	0.491678	0.488962	0.489876	0.489237	0.489215	0.490935	0.489803	0.489852	0.489956	0.491542	0.489810	0.489965	
36	0.507161	0.507337	0.511822	0.507593	0.508544	0.506798	0.507618	0.507152	0.508280	0.507869	0.507332	0.507297	0.507857	0.506841	0.507118	0.506602	0.508144	0.507757	0.507997	0.509001	0.513482	0.506989	0.507086	0.507775	0.507016	0.508652	0.508270	0.508268	0.508005	0.507552	
37	0.526422	0.526893	0.527277	0.537401	0.526609	0.526684	0.526598	0.525917	0.525984	0.526401	0.527450	0.526943	0.526273	0.527735	0.537327	0.526168	0.526468	0.528343	0.526860	0.527176	0.527926	0.573685	0.526584	0.527036	0.527964	0.527567	0.526200	0.525658	0.529492	0.526673	
38	0.638334	0.548335	0.546413	0.546723	0.546358	0.546233	0.551546	0.549589	0.546128	0.550000	0.546396	0.548714	0.546265	0.548225	0.547099	0.547070	0.553079	0.546644	0.546427	0.548447	0.552199	0.547056	0.546311	0.546274	0.546880	0.546808	0.662906	0.551502	0.546123	0.546189	
39	0.547873	0.550172	0.551023	0.549922	0.550034	0.549980	0.548539	0.548569	0.549045	0.551557	0.570877	0.562812	0.549207	0.548547	0.553643	0.554736	0.551058	0.550999	0.550317	0.548422	0.548656	0.548715	0.549672	0.552193	0.551290	0.549987	0.549145	0.550834	0.553428	0.550298	
40	0.567914	0.566100	0.564053	0.563873	0.563582	0.573219	0.567109	0.564537	0.566524	0.563749	0.564053	0.565928	0.569263	0.565416	0.564735	0.564014	0.563870	0.563557	0.565583	0.564724	0.564605	0.567471	0.573289	0.566833	0.564816	0.565246	0.565197	0.564456	0.563791	0.566782	
41	0.565138	0.574039	0.567729	0.566169	0.565026	0.566415	0.566602	0.566088	0.569431	0.566201	0.565279	0.571430	0.566562	0.565776	0.564954	0.566721	0.571623	0.565486	0.564669	0.566737	0.566291	0.566926	0.566984	0.565953	0.565287	0.565064	0.569449	0.570063	0.576567	0.567609	
42	0.568817	0.570667	0.569341	0.569942	0.571628	0.582218	0.571481	0.569094	0.570566	0.570328	0.570731	0.572950	0.571207	0.569323	0.570136	0.568955	0.570464	0.571537	0.573499	0.570532	0.569030	0.569008	0.574147	0.575827	0.570752	0.569896	0.569838	0.574428	0.569177	0.570368	
43	0.574028	0.573782	0.573500	0.572786	0.573265	0.574242	0.577074	0.573188	0.574318	0.573440	0.574754	0.573715	0.574444	0.573854	0.573856	0.575560	0.574142	0.573964	0.575883	0.573766	0.574202	0.573096	0.573441	0.573611	0.574109	0.576038	0.573495	0.576164	0.573244	0.573511	
44	0.586248	0.586221	0.608931	0.584000	0.594020	0.584213	0.584668	0.586943	0.584954	0.584504	0.584340	0.583851	0.584075	0.588072	0.587577	0.584971	0.589195	0.589311	0.589384	0.585644	0.585789	0.584908	0.583998	0.583731	0.583979	0.584327	0.586092	0.586727	0.586863	0.584489	
45	0.723070	0.724106	0.726453	0.724504	0.729673	0.722814	0.725055	0.730571	0.723051	0.727228	0.725103	0.727744	0.730011	0.735722	0.724118	0.723903	0.730632	0.890919	0.724980	0.723503	0.723712	0.727922	0.863114	0.723107	0.723349	0.726287	0.724272	0.724806	0.722815	0.723073	
46	0.770527	0.770917	0.771527	0.773319	0.769225	0.770093	0.778319	0.790323	0.769561	0.783430	0.769480	0.772105	0.770950	0.770179	0.769829	0.771353	0.779303	0.775718	0.770121	0.772942	0.770632	0.769841	0.769590	0.770523	0.788331	0.769917	0.797734	0.771214	0.769370	0.785698	
47	0.775600	0.775225	0.779516	0.782140	0.777420	0.774229	0.773121	0.775488	0.774364	0.775788	0.773668	0.775339	0.775050	0.777210	0.774921	0.779025	0.773392	0.777124	0.779601	0.781777	0.778284	0.772864	0.775679	0.775308	0.775287	0.778063	0.777800	0.775668	0.775805	0.774017	
48	0.819836	0.820592	0.821945	0.824827	0.827502	0.820729	0.820243	0.822995	0.821883	0.821138	0.820228	0.830320	0.827299	0.820908	0.836894	0.821800	0.822213	0.821555	0.822390	0.820835	0.822918	0.821705	0.821844	0.827195	0.838409	0.821512	0.821013	0.842412	0.824048	0.824788	
49	0.920762	0.915993	0.925342	0.924322	0.915083	0.913191	0.918736	0.917299	0.914548	0.912858	0.919234	0.917602	0.919498	0.916471	0.921238	0.918538	0.917826	0.913871	0.916948	0.916945	0.921842	0.915782	0.916294	0.915413	0.914042	0.913149	0.932638	0.916405	0.914627	0.916876	
50	0.930477	0.939077	0.949745	0.926155	0.935687	0.932163	0.977328	0.926290	0.931003	0.934040	0.927457	0.926244	0.928943	0.926547	0.927220	0.927798	0.932844	0.926092	0.925711	0.928073	0.927936	0.934300	0.926794	0.927053	0.929401	0.927584	0.941020	0.929758	0.959489	0.925819	
51	0.955597	1.083440	0.952243	0.950275	0.950274	0.952769	0.985610	0.950055	0.952036	0.952488	0.953509	0.949896	0.950114	0.955065	0.950740	0.949011	0.950684	0.953111	0.956116	0.950175	0.953620	0.950675	0.950467	0.949291	0.953826	0.950400	0.951371	0.949812	0.951040	0.950329	
52	0.959907	0.975768	0.961323	0.961207	0.958169	0.961781	0.962509	0.970151	0.960119	0.961205	0.960919	0.960540	0.964995	0.967663	0.961628	0.961579	0.959997	0.967233	0.961612	0.959160	0.958699	0.960335	0.961416	0.959527	0.959692	0.960565	0.961025	0.959442	0.963894	0.961012	
53	1.009603	1.009076	1.026560	1.008767	1.009315	1.009145	1.009592	1.016709	1.008766	1.014676	1.061609	1.008079	1.011624	1.010677	1.008312	1.050406	1.009788	1.008133	1.015834	1.009081	1.009283	1.007338	1.007013	1.010159	1.010592	1.007718	1.008292	1.010332	1.008059	1.007660	
54	1.165515	1.166205	1.174467	1.167077	1.173202	1.245777	1.165576	1.166631	1.166497	1.165159	1.168071	1.174372	1.165839	1.168414	1.166282	1.165029	1.167511	1.165907	1.165413	1.175336	1.169593	1.165264	1.169216	1.165017	1.165534	1.170433	1.167979	1.166066	1.167221	1.173240	
55	1.457867	1.461295	1.459327	1.458499	1.461802	1.468081	1.460241	1.463858	1.457851	1.458802	1.458733	1.458247	1.462911	1.456798	1.460378	1.509294	1.765296	1.466368	1.457532	1.458372	1.461623	1.460439	1.456620	1.458209	1.483151	1.457186	1.460977	1.461421	1.458060	1.488808	
56	1.540543	1.542474	1.542067	1.545045	1.548299	1.545329	1.542897	1.540822	1.543922	1.542420	1.543783	1.539932	1.545565	1.551518	1.540897	1.542528	1.546513	1.543378	1.541311	1.546191	1.543257	1.542034	1.543679	1.541960	1.563028	1.550200	1.553185	1.544371	1.540081	1.542380	
57	1.585499	1.586125	1.585527	1.593869	1.591101	1.586912	1.587582	1.592205	1.589609	1.586083	1.589197	1.589015	1.586168	1.606346	1.587601	1.590350	1.586654	1.585796	1.586018	1.588616	1.590618	1.585820	1.588003	1.585866	1.588903	1.588965	1.588302	1.593034	1.589124	1.587626	
58	1.641781	1.636025	1.637174	1.636093	1.636336	1.634288	1.657345	1.631978	1.638540	1.643921	1.639621	1.632135	1.635347	1.635413	1.632454	1.637290	1.639257	1.644517	1.644711	1.636453	1.633686	1.636231	1.641639	1.635226	1.645083	1.634884	1.634228	1.639062	1.636146	1.633301	
59	1.771810	1.786500	1.771050	1.770927	1.778865	1.772790	1.796527	1.769538	1.787193	1.770338	1.772768	1.769502	1.772718	1.771139	1.771637	1.773780	1.773636	1.775690	1.770371	1.772713	1.772477	1.769893	1.773044	1.775017	1.773565	1.774048	1.771031	1.769580	1.769243	1.771291	
60	2.300457	2.304819	2.326895	2.302860	2.306813	2.305815	2.312808	2.305299	2.304746	2.302709	2.302200	2.303812	2.312822	2.308807	2.302588	2.302852	2.307625	2.304226	2.306953	2.303025	2.310768	2.313308	2.313109	2.311642	2.308527	2.323959	2.307283	2.302177	2.301855	2.305447	
61	2.410588	2.404434	2.407338	2.404567	2.403466	2.411377	2.406549	2.408139	2.412097	2.410440	2.410178	2.408199	2.405889	2.405599	2.415002	2.407964	2.427584	2.412709	2.425399	2.405014	2.410428	2.402562	2.410740	2.409996	2.409299	2.411730	2.426019	2.405004	2.408933	2.410365	
62	2.654682	2.659864	2.663004	2.662181	2.661646	2.658287	2.756379	2.652086	2.660831	2.659257	2.676059	2.657616	2.661257	2.662757	2.656502	2.661241	2.661425	2.702120	2.677499	2.678521	2.669522	2.657278	2.665875	2.656629	2.665798	2.678245	2.668264	2.659946	2.750404	2.661661	
63	2.700957	2.704813	2.692971	2.700792	2.694905	2.700292	2.700501	2.692937	2.697280	2.695066	2.695210	2.690668	2.694039	2.693010	2.861051	2.698104	2.837812	2.698543	2.695404	2.715135	2.693094	2.703702	2.700424	2.694383	2.737463	2.698086	2.695793	2.697291	2.698827	2.701654	
64	2.755523	2.774194	2.771304	2.761314	2.754162	2.768044	2.757497	2.754721	2.752438	2.771232	2.759721	2.761764	2.756674	2.751821	2.752983	2.782430	2.769095	2.752075	2.755977	2.758300	2.756152	2.751776	2.754263	2.756558	2.753481	2.753620	2.755615	2.760145	2.757186	2.775041	
