4	0.000049	0.000056	0.000056	0.000045	0.000038	0.000041	0.000039	0.000042	0.000046	0.000044	0.000044	0.000093	0.000043	0.000043	0.000042	0.000040	0.000045	0.000041	0.000041	0.000038	0.000041	0.000045	0.000041	0.000042	0.000038	0.000041	0.000039	0.000042	0.000041	0.000048	
5	0.000073	0.000073	0.000073	0.000082	0.000078	0.000077	0.000078	0.000074	0.000079	0.000079	0.000074	0.000075	0.000074	0.000124	0.000083	0.000078	0.000073	0.000078	0.000079	0.000081	0.000078	0.000088	0.000076	0.000077	0.000077	0.000073	0.000076	0.000077	0.000076	0.000085	
6	0.000117	0.000122	0.000117	0.000111	0.000114	0.000120	0.000108	0.000117	0.000112	0.000119	0.000123	0.000112	0.000108	0.000110	0.000125	0.000120	0.000118	0.000110	0.000112	0.000111	0.000124	0.000111	0.000110	0.000109	0.000109	0.000116	0.000113	0.000114	0.000113	0.000113	
7	0.000126	0.000121	0.000125	0.000119	0.000126	0.000117	0.000118	0.000126	0.000122	0.000119	0.000117	0.000117	0.000119	0.000125	0.000118	0.000121	0.000119	0.000119	0.000125	0.000119	0.000145	0.000118	0.000117	0.000126	0.000116	0.000125	0.000121	0.000121	0.000123	0.000125	
8	0.000500	0.000454	0.000471	0.000461	0.000471	0.000456	0.000477	0.000517	0.000458	0.000469	0.000483	0.000456	0.000472	0.000455	0.000459	0.000454	0.000457	0.000501	0.000455	0.000453	0.000463	0.000452	0.000455	0.000459	0.000478	0.000495	0.000494	0.000453	0.000454	0.000495	
9	0.000770	0.000738	0.000733	0.000735	0.000740	0.000820	0.000797	0.000779	0.000740	0.000742	0.000758	0.000797	0.000826	0.000828	0.000763	0.000791	0.000756	0.000758	0.000759	0.000747	0.000736	0.000739	0.000792	0.000734	0.000735	0.000739	0.000766	0.000757	0.000780	0.000782	
10	0.000940	0.000916	0.000911	0.000936	0.000905	0.000947	0.000912	0.000915	0.000929	0.000914	0.000905	0.000899	0.000936	0.000907	0.000935	0.000937	0.000903	0.000929	0.000909	0.000929	0.000929	0.000909	0.000914	0.000912	0.000906	0.000906	0.000907	0.000905	0.000905	0.000933	
11	0.001006	0.001011	0.000973	0.000954	0.000975	0.000944	0.000946	0.000977	0.000940	0.000946	0.000943	0.000969	0.000950	0.000948	0.000949	0.000950	0.000947	0.000942	0.000950	0.000978	0.000949	0.000950	0.001027	0.000961	0.000957	0.000951	0.000989	0.001004	0.001007	0.001017	
12	0.005791	0.005545	0.005810	0.005574	0.006007	0.005580	0.005719	0.005596	0.005743	0.005789	0.005551	0.005813	0.005563	0.005600	0.005599	0.006057	0.005607	0.005603	0.005787	0.005786	0.005559	0.005569	0.005541	0.005557	0.005568	0.005754	0.005549	0.005618	0.005625	0.005718	
13	0.006022	0.006308	0.006046	0.006065	0.006020	0.006271	0.006051	0.006082	0.006037	0.006005	0.006080	0.006226	0.006047	0.007472	0.006027	0.006084	0.006483	0.006273	0.006021	0.006251	0.006198	0.006115	0.006080	0.006110	0.006271	0.006118	0.006012	0.006057	0.006021	0.006273	
14	0.009220	0.009166	0.009480	0.009225	0.009599	0.009479	0.009211	0.009205	0.009153	0.009180	0.009213	0.009193	0.009243	0.009288	0.009415	0.009241	0.009191	0.009182	0.009255	0.009488	0.009193	0.009523	0.009968	0.009232	0.009239	0.009494	0.009207	0.009225	0.009178	0.009176	
15	0.013635	0.013642	0.013583	0.014107	0.013946	0.013673	0.013788	0.013703	0.013710	0.013739	0.013707	0.014052	0.014205	0.013645	0.013673	0.013622	0.013627	0.014773	0.013710	0.013665	0.013640	0.013649	0.013643	0.013603	0.013725	0.013680	0.013626	0.013711	0.013582	0.013727	
16	0.019213	0.019971	0.019241	0.039626	0.019969	0.019287	0.019397	0.019952	0.019309	0.019281	0.019253	0.037102	0.044843	0.020024	0.019239	0.019436	0.019348	0.019935	0.019244	0.055729	0.019890	0.019220	0.019838	0.019340	0.020478	0.019886	0.019819	0.019907	0.019210	0.019239	
17	0.026084	0.029058	0.026876	0.023904	0.023964	0.023972	0.047120	0.024740	0.024068	0.023981	0.024002	0.044385	0.054447	0.064518	0.062393	0.059423	0.023892	0.024992	0.024701	0.023861	0.023915	0.023875	0.023917	0.064604	0.023978	0.050999	0.062601	0.068000	0.064558	0.063934	
18	0.037572	0.032657	0.067608	0.033470	0.067118	0.072537	0.064797	0.081498	0.081947	0.080371	0.036506	0.082575	0.080735	0.033690	0.036952	0.078143	0.034402	0.068105	0.080570	0.032643	0.067317	0.032444	0.057972	0.076368	0.067602	0.034212	0.069906	0.080205	0.032451	0.033576	
19	0.084022	0.054322	0.048815	0.079025	0.079245	0.080698	0.090423	0.036813	0.074460	0.079742	0.086884	0.088862	0.082487	0.088681	0.088451	0.038133	0.084549	0.084959	0.090330	0.036953	0.037038	0.091597	0.040396	0.036980	0.081488	0.051300	0.094142	0.093837	0.088236	0.089988	
20	0.107240	0.105237	0.103910	0.105156	0.049513	0.097875	0.046774	0.048020	0.101379	0.048737	0.102752	0.105938	0.047659	0.047762	0.048419	0.055220	0.056928	0.101434	0.050329	0.102590	0.071588	0.070107	0.086947	0.048469	0.103483	0.048332	0.046796	0.091225	0.100087	0.046983	
21	0.051127	0.051421	0.113255	0.114873	0.110928	0.098681	0.092038	0.051298	0.097390	0.058450	0.100704	0.109278	0.112618	0.055346	0.113195	0.110907	0.114180	0.114678	0.115464	0.118549	0.116516	0.052993	0.103570	0.114868	0.112839	0.115154	0.113517	0.061472	0.052883	0.108460	
22	0.067774	0.137776	0.134534	0.069866	0.068055	0.070229	0.067596	0.084482	0.067723	0.110357	0.067591	0.136578	0.068135	0.127897	0.134330	0.067752	0.067883	0.070067	0.137568	0.135105	0.132798	0.068127	0.130604	0.068452	0.099431	0.130479	0.067722	0.133184	0.133669	0.068254	
23	0.101912	0.098528	0.117838	0.069545	0.069426	0.069271	0.071469	0.083200	0.069470	0.071830	0.069676	0.135965	0.069774	0.127808	0.131316	0.122127	0.113984	0.072766	0.134679	0.132459	0.131821	0.130785	0.115165	0.074580	0.139391	0.133861	0.069676	0.130957	0.069129	0.072291	
24	0.157651	0.157407	0.089718	0.156608	0.127201	0.104447	0.089764	0.149684	0.132732	0.108689	0.092550	0.123115	0.149405	0.153806	0.086927	0.088048	0.130226	0.086773	0.134054	0.092190	0.133463	0.148294	0.147434	0.145545	0.147180	0.086939	0.151071	0.150140	0.091655	0.087306	
25	0.137549	0.156819	0.159892	0.142175	0.147116	0.093927	0.159800	0.138803	0.121528	0.124475	0.095154	0.091737	0.129287	0.129642	0.160100	0.159873	0.151970	0.124237	0.093489	0.156420	0.091857	0.091858	0.092848	0.156322	0.139026	0.167407	0.091898	0.116010	0.147939	0.144949	
26	0.131050	0.181567	0.121262	0.153901	0.159100	0.126298	0.150018	0.117306	0.108619	0.104868	0.160994	0.110289	0.151186	0.107765	0.120059	0.123118	0.112785	0.107006	0.115439	0.122436	0.123985	0.112123	0.112677	0.103802	0.151966	0.106120	0.152801	0.119457	0.104421	0.107788	
27	0.182390	0.128255	0.133524	0.126164	0.154435	0.108263	0.109427	0.110166	0.109055	0.123083	0.114687	0.124658	0.113470	0.107545	0.168990	0.107835	0.106937	0.114824	0.134881	0.114375	0.111010	0.119276	0.138480	0.114577	0.149780	0.130924	0.120284	0.122288	0.148054	0.107014	
28	0.121621	0.146763	0.131765	0.117643	0.113705	0.117918	0.165434	0.113998	0.121626	0.119056	0.156759	0.117499	0.121170	0.119590	0.131913	0.124582	0.129128	0.181614	0.127096	0.120775	0.121083	0.113722	0.120828	0.114093	0.170124	0.112906	0.142567	0.124458	0.140816	0.175966	
29	0.177953	0.149980	0.185066	0.197091	0.160940	0.188920	0.208379	0.172401	0.178623	0.143446	0.189140	0.145445	0.196790	0.147226	0.147475	0.146126	0.154321	0.172571	0.149089	0.170871	0.150129	0.159358	0.219579	0.154417	0.163741	0.158850	0.208643	0.172412	0.167076	0.149743	
30	0.219638	0.185117	0.176594	0.239022	0.182001	0.175223	0.206335	0.218641	0.200837	0.209979	0.185351	0.228926	0.241368	0.233806	0.181367	0.206591	0.187228	0.221440	0.222234	0.192287	0.183674	0.180066	0.178110	0.207668	0.179628	0.192375	0.219010	0.185914	0.196046	0.223226	
31	0.246411	0.242349	0.241846	0.240641	0.278789	0.270165	0.244190	0.293535	0.243849	0.228631	0.245748	0.277768	0.233694	0.249478	0.230130	0.233426	0.229204	0.259459	0.280678	0.253458	0.267878	0.235799	0.353680	0.297024	0.285333	0.273045	0.236660	0.281908	0.294366	0.285778	
32	0.308643	0.316184	0.323196	0.320037	0.249225	0.250537	0.322634	0.256295	0.293000	0.242256	0.249438	0.325895	0.274414	0.253752	0.307888	0.249680	0.244733	0.243157	0.251391	0.251442	0.243113	0.256925	0.314471	0.297771	0.316923	0.250825	0.245588	0.244966	0.292185	0.316649	
33	0.340956	0.342951	0.273650	0.277111	0.322150	0.351929	0.287570	0.295568	0.282459	0.333264	0.291448	0.302822	0.342597	0.304122	0.305837	0.294809	0.290664	0.283350	0.285876	0.288913	0.331623	0.283834	0.270718	0.311741	0.280762	0.329073	0.306819	0.308250	0.313396	0.277407	
34	0.290700	0.350396	0.323062	0.336495	0.367628	0.288818	0.308448	0.343302	0.349163	0.347707	0.353090	0.341803	0.311663	0.306537	0.321897	0.289324	0.305827	0.318479	0.326837	0.301886	0.295587	0.371787	0.292711	0.290678	0.297724	0.343414	0.352054	0.347488	0.317523	0.324230	
35	0.373987	0.377391	0.377298	0.340900	0.345662	0.351819	0.379438	0.337969	0.424205	0.385189	0.362649	0.364421	0.345221	0.358618	0.358517	0.378193	0.340390	0.336789	0.416981	0.397061	0.360515	0.337276	0.363203	0.357401	0.376338	0.397464	0.375829	0.389903	0.359780	0.382488	
36	0.373758	0.407759	0.410299	0.396795	0.419887	0.375616	0.429459	0.340432	0.345396	0.362781	0.375979	0.349494	0.447019	0.381538	0.409920	0.399131	0.381600	0.461314	0.380223	0.396726	0.369419	0.336227	0.406070	0.416439	0.338913	0.396643	0.355609	0.336451	0.401912	0.368559	
37	0.346994	0.406699	0.347904	0.349641	0.350654	0.346605	0.412807	0.358661	0.397202	0.421133	0.376760	0.347690	0.415068	0.348302	0.409346	0.399688	0.397925	0.420957	0.383057	0.413840	0.349679	0.401681	0.374376	0.397691	0.439524	0.415829	0.374389	0.353496	0.462411	0.355277	
38	0.439137	0.411303	0.360842	0.416940	0.418361	0.402049	0.370737	0.391987	0.392207	0.404864	0.433280	0.424790	0.382887	0.377720	0.420742	0.422447	0.410510	0.444942	0.368002	0.436052	0.375070	0.359953	0.381231	0.364425	0.426399	0.433517	0.364528	0.430083	0.377622	0.437573	
39	0.397327	0.381568	0.417362	0.452094	0.372003	0.416602	0.377555	0.440819	0.433739	0.379469	0.439584	0.434990	0.412617	0.394065	0.408330	0.397139	0.416454	0.410623	0.389579	0.368554	0.385240	0.454409	0.373329	0.408951	0.378300	0.471636	0.406016	0.380747	0.373840	0.380847	
40	0.386016	0.418110	0.399912	0.389728	0.434683	0.417681	0.435099	0.375245	0.447578	0.434765	0.383051	0.411621	0.408647	0.391232	0.385277	0.434597	0.389581	0.422799	0.421512	0.445280	0.373218	0.415764	0.408645	0.437681	0.433929	0.387203	0.414725	0.397421	0.428856	0.401232	
41	0.431096	0.422200	0.432400	0.387642	0.395792	0.450197	0.451995	0.439263	0.417261	0.388165	0.393920	0.380800	0.375346	0.387165	0.443353	0.399215	0.442201	0.436326	0.443367	0.422303	0.411269	0.425198	0.450095	0.384553	0.453067	0.393149	0.436628	0.422327	0.440419	0.389970	
42	0.431005	0.386586	0.445973	0.374123	0.438084	0.439563	0.414077	0.445872	0.427438	0.373740	0.409000	0.457291	0.442817	0.439465	0.376834	0.381697	0.414888	0.432148	0.381877	0.409921	0.438390	0.402890	0.463429	0.400916	0.410327	0.384535	0.446536	0.391323	0.535491	0.423815	
43	0.437757	0.448526	0.459076	0.394471	0.389834	0.437490	0.510270	0.412567	0.401721	0.444674	0.408032	0.454179	0.398993	0.393975	0.391753	0.447725	0.407483	0.397145	0.433624	0.472406	0.509407	0.460154	0.455960	0.401544	0.435789	0.430515	0.443761	0.408007	0.422441	0.407713	
44	0.421796	0.436204	0.452721	0.420285	0.408470	0.447153	0.421859	0.461926	0.407490	0.419748	0.440728	0.391673	0.417249	0.434498	0.396765	0.406823	0.398101	0.406882	0.403628	0.420457	0.429773	0.458600	0.415001	0.457883	0.451773	0.448696	0.464379	0.407275	0.390859	0.450396	
45	0.535513	0.482883	0.515261	0.530097	0.534184	0.557086	0.488542	0.490737	0.494891	0.539181	0.476576	0.543364	0.535779	0.484396	0.488021	0.517276	0.548344	0.513003	0.490908	0.585118	0.528265	0.512735	0.571574	0.497478	0.483107	0.575240	0.507151	0.510379	0.550404	0.489137	
46	0.518713	0.519386	0.542081	0.605987	0.538643	0.637157	0.528856	0.601294	0.541115	0.626739	0.576640	0.573027	0.576687	0.527055	0.568625	0.613877	0.508357	0.577133	0.577719	0.576472	0.570921	0.594529	0.582177	0.599413	0.512446	0.582258	0.589231	0.554962	0.585154	0.551986	
47	0.558831	0.572361	0.574546	0.592371	0.526722	0.578525	0.573864	0.524534	0.567944	0.566930	0.520752	0.577755	0.579852	0.547814	0.572986	0.549867	0.623666	0.569815	0.526962	0.532773	0.588626	0.539678	0.508648	0.562367	0.509834	0.578775	0.565478	0.570820	0.576693	0.576687	
48	0.569853	0.577766	0.555874	0.615030	0.612073	0.546617	0.596952	0.630815	0.572287	0.563250	0.569956	0.621428	0.552933	0.544129	0.567492	0.560846	0.622305	0.552305	0.726078	0.616844	0.658371	0.625191	0.601021	0.580662	0.621105	0.576736	0.577483	0.553242	0.571248	0.572445	
49	0.617749	0.609632	0.653685	0.712429	0.713747	0.677599	0.682291	0.702151	0.647149	0.607521	0.627664	0.677477	0.621828	0.663810	0.696519	0.683971	0.603950	0.625800	0.633779	0.740624	0.626312	0.611175	0.630214	0.635470	0.643304	0.680562	0.631788	0.609658	0.693948	0.603649	
50	0.653168	0.628811	0.686039	0.684479	0.703363	0.677752	0.624538	0.651053	0.661179	0.634088	0.620695	0.670850	0.705717	0.635221	0.651523	0.641254	0.711890	0.684070	0.634402	0.680220	0.712699	0.708483	0.656761	0.688587	0.794612	0.671828	0.672071	0.649629	0.703679	0.689841	
51	0.633864	0.637878	0.672109	0.695603	0.657435	0.684954	0.639800	0.639571	0.657137	0.725951	0.671730	0.857186	0.696375	0.716430	0.696933	0.752888	0.724511	0.716505	0.666047	0.729811	0.738998	0.707228	0.664410	0.709992	0.667436	0.701247	0.650157	0.662499	0.671793	0.746980	
52	0.690584	0.669774	0.727533	0.662953	0.718687	0.702322	0.681395	0.672575	0.689176	0.721485	0.719790	0.683643	0.697935	0.741398	0.701856	0.648349	0.652875	0.664404	0.666313	0.722639	0.754316	0.684136	0.700240	0.670155	0.690774	0.668024	0.698987	0.670781	0.737992	0.671092	
53	0.708765	0.762162	0.771909	0.758683	0.720181	0.690358	0.754006	0.717283	0.703430	0.695856	0.705877	0.792059	0.714616	0.685312	0.753822	0.683687	0.692268	0.675579	0.725541	0.683344	0.693123	0.700563	0.697271	0.695459	0.681343	0.685624	0.704963	0.675397	0.701277	0.688287	
54	0.847163	0.808330	0.801489	0.827727	0.796091	0.878192	0.884968	0.841879	0.818874	0.844041	0.803070	0.812815	0.840778	0.896908	0.910406	0.884694	0.828078	0.797322	0.869593	0.796792	0.800872	0.835022	0.835464	0.828615	0.812029	0.849861	0.827168	0.857277	0.794911	0.804626	
55	1.066650	1.022934	1.037786	1.005945	1.056108	0.996781	0.999874	0.989304	1.086774	1.060460	0.993734	1.005442	1.006626	1.022571	1.014069	1.081515	1.095073	1.057202	0.989790	0.990140	1.034146	1.006736	1.011426	1.078304	1.026765	0.994539	1.053935	0.995854	1.045123	0.991291	
56	1.065718	1.066854	1.067145	1.097713	1.131919	1.086873	1.094282	1.069310	1.047513	1.139896	1.133341	1.107268	1.128764	1.142054	1.045460	1.056568	1.155506	1.055671	1.074512	1.055215	1.049159	1.098614	1.151277	1.057116	1.058146	1.115615	1.047256	1.110157	1.112433	1.053792	
57	1.107633	1.170673	1.112741	1.092868	1.113892	1.109875	1.108975	1.187898	1.092237	1.119236	1.115827	1.100955	1.185035	1.090472	1.089919	1.091243	1.175120	1.180284	1.136753	1.152016	1.117099	1.114017	1.119753	1.198548	1.196839	1.179770	1.111374	1.085674	1.085581	1.112525	
58	1.207485	1.133574	1.135107	1.167949	1.211419	1.146364	1.187133	1.110412	1.138248	1.174425	1.128478	1.186529	1.178976	1.164622	1.135258	1.163102	1.145232	1.294281	1.130376	1.180273	1.143710	1.145774	1.127760	1.145848	1.207388	1.136640	1.139041	1.199254	1.190949	1.136022	
59	1.262736	1.252263	1.210557	1.200968	1.289646	1.262997	1.205295	1.224949	1.249856	1.301554	1.271542	1.276849	1.246276	1.266479	1.272963	1.390552	1.238056	1.293115	1.266901	1.270021	1.214948	1.212550	1.231515	1.248686	1.311658	1.225476	1.254964	1.347531	1.216861	1.203294	
60	1.661227	1.557059	1.639878	1.591887	1.582349	1.593379	1.597198	1.701889	1.559873	1.652886	1.626852	1.601826	1.576400	1.548606	1.661199	1.557901	1.586812	1.586643	1.605163	1.630452	1.567523	1.574018	1.592198	1.609251	1.680822	1.647472	1.598017	1.729760	1.568274	1.586782	
61	1.652125	1.627526	1.657805	1.703670	1.612949	1.776170	1.667325	1.836378	1.613648	1.668497	1.606971	1.700631	1.666974	1.636105	1.603013	1.621579	1.625313	1.608015	1.726216	1.630030	1.620737	1.688091	1.665993	1.682717	1.690463	1.723897	1.835600	1.729505	1.725581	1.770806	
62	1.904859	1.954173	1.839004	1.898397	1.981260	1.903926	1.815352	1.841807	1.828242	1.853027	1.867661	1.870108	1.954177	1.827066	1.954523	1.955331	1.817454	1.909330	1.921795	1.858819	1.838725	1.794311	1.883696	1.775747	1.874606	1.815346	1.854059	1.913569	1.791239	1.858084	
63	1.984903	1.893631	1.976919	1.852268	1.883420	1.877658	1.917202	1.893192	1.894984	1.918178	1.877112	1.871215	1.824770	1.887871	1.823752	1.841828	2.068051	1.999836	1.903028	1.788652	1.978723	1.839654	1.881795	1.860387	1.799583	1.857869	1.911482	1.887672	1.889275	1.803544	
64	1.873062	1.908217	1.853070	1.877274	1.844313	1.908524	1.963468	1.954668	1.912349	1.920027	2.033586	1.996076	1.923409	2.061983	2.054338	2.314799	2.216404	2.297568	1.991549	1.955642	2.039367	1.953965	1.993744	1.966976	1.947830	2.053493	1.933348	1.948641	2.027099	1.979449	
